%YAML:1.0
---
CM0:
   - !!opencv-matrix
      rows: 256
      cols: 1
      dt: f
      data: [ 0., 0., 0., 0., 0., 0., 0., 0., 0., 0., 0., 0., 0., 0.,
          2.04081631e+00, 4.08163261e+00, 2.04081631e+00, 8.16326523e+00,
          4.08163261e+00, 2.85714283e+01, 6.12244892e+00, 1.14285713e+02,
          1.30612244e+02, 2.14285706e+02, 2.65306122e+02, 3.67346924e+02,
          400., 2.71428558e+02, 3.18367340e+02, 6.73469391e+01,
          3.18367340e+02, 1.30612244e+02, 1.53061218e+02, 1.20408165e+02,
          1.26530609e+02, 7.75510178e+01, 3.06122437e+01, 8.77551041e+01,
          5.91836739e+01, 4.69387741e+01, 6.32653046e+01, 3.87755089e+01,
          5.30612259e+01, 2.65306129e+01, 2.04081631e+01, 5.10204086e+01,
          3.67346954e+01, 5.10204086e+01, 4.69387741e+01, 4.89795914e+01,
          3.46938782e+01, 5.10204086e+01, 6.53061218e+01, 3.87755089e+01,
          7.95918350e+01, 6.12244873e+01, 4.28571434e+01, 3.46938782e+01,
          6.12244873e+01, 6.32653046e+01, 3.46938782e+01, 9.38775482e+01,
          5.10204086e+01, 8.77551041e+01, 6.93877563e+01, 8.57142868e+01,
          5.30612259e+01, 7.55102005e+01, 7.14285736e+01, 6.32653046e+01,
          8.57142868e+01, 6.32653046e+01, 7.14285736e+01, 8.16326523e+01,
          1.40816330e+02, 1.30612244e+02, 9.79591827e+01, 1.26530609e+02,
          1.26530609e+02, 1.32653061e+02, 1.32653061e+02, 1.14285713e+02,
          1.28571426e+02, 8.97959137e+01, 2.42857147e+02, 1.51020401e+02,
          2.32653061e+02, 1.30612244e+02, 2.18367340e+02, 2.53061218e+02,
          1.61224487e+02, 1.89795914e+02, 8.97959137e+01, 2.53061218e+02,
          1.61224487e+02, 1.40816330e+02, 1.55102036e+02, 1.61224487e+02,
          1.40816330e+02, 1.04081635e+02, 1.26530609e+02, 8.97959137e+01,
          1.20408165e+02, 1.79591827e+02, 1.14285713e+02, 1.06122452e+02,
          1.16326530e+02, 1.08163261e+02, 9.18367310e+01, 1.36734695e+02,
          9.59183655e+01, 9.79591827e+01, 8.36734695e+01, 1.53061218e+02,
          9.18367310e+01, 8.16326523e+01, 7.55102005e+01, 1.16326530e+02,
          1.61224487e+02, 1.18367348e+02, 8.36734695e+01, 7.75510178e+01,
          5.30612259e+01, 8.57142868e+01, 1.02040817e+02, 7.34693909e+01,
          7.95918350e+01, 4.89795914e+01, 4.48979568e+01, 5.51020393e+01,
          6.12244873e+01, 7.75510178e+01, 7.34693909e+01, 4.48979568e+01,
          5.51020393e+01, 5.51020393e+01, 2.85714283e+01, 5.10204086e+01,
          3.67346954e+01, 4.28571434e+01, 1.42857141e+01, 3.46938782e+01,
          2.85714283e+01, 5.91836739e+01, 2.24489784e+01, 3.87755089e+01,
          3.46938782e+01, 1.63265305e+01, 1.42857141e+01, 2.24489784e+01,
          2.04081631e+01, 1.02040815e+01, 1.63265305e+01, 1.22448978e+01,
          1.02040815e+01, 8.16326523e+00, 8.16326523e+00, 1.02040815e+01,
          1.02040815e+01, 2.04081631e+01, 4.08163261e+00, 1.42857141e+01,
          2.65306129e+01, 4.08163261e+00, 1.02040815e+01, 1.02040815e+01,
          1.42857141e+01, 4.08163261e+00, 1.02040815e+01, 1.02040815e+01,
          6.12244892e+00, 2.04081631e+00, 1.42857141e+01, 1.42857141e+01,
          2.04081631e+00, 1.63265305e+01, 4.08163261e+00, 2.24489784e+01,
          8.16326523e+00, 0., 1.22448978e+01, 6.12244892e+00,
          8.16326523e+00, 1.02040815e+01, 1.02040815e+01, 1.02040815e+01,
          1.42857141e+01, 0., 0., 1.02040815e+01, 4.08163261e+00, 0.,
          4.08163261e+00, 0., 0., 4.08163261e+00, 0., 1.02040815e+01,
          6.12244892e+00, 0., 4.08163261e+00, 2.04081631e+00, 0.,
          6.12244892e+00, 0., 0., 0., 0., 2.04081631e+00, 0.,
          8.16326523e+00, 0., 4.08163261e+00, 4.08163261e+00, 0., 0., 0.,
          0., 0., 0., 2.04081631e+00, 2.04081631e+00, 0., 2.04081631e+00,
          4.08163261e+00, 2.04081631e+00, 0., 0., 2.04081631e+00,
          2.04081631e+00, 0., 0., 2.04081631e+00, 8.16326523e+00,
          2.04081631e+00, 2.04081631e+00, 2.04081631e+00, 0.,
          2.04081631e+00, 2.04081631e+00, 0., 2.04081631e+00, 0., 0., 0.,
          0., 4.08163261e+00, 0., 0., 0., 0., 0., 0., 0., 0., 0. ]
   - !!opencv-matrix
      rows: 256
      cols: 1
      dt: f
      data: [ 0., 0., 0., 0., 0., 0., 0., 0., 0., 0., 8.37696362e+00,
          2.09424090e+00, 1.88481674e+01, 3.35078545e+01, 5.86387444e+01,
          1.00523560e+02, 2.38743469e+02, 400., 3.37172791e+02,
          3.47643982e+02, 3.24607330e+02, 2.99476440e+02, 1.40314148e+02,
          2.07329849e+02, 1.40314148e+02, 1.52879593e+02, 1.29842941e+02,
          9.21465988e+01, 9.42408371e+01, 5.23560219e+01, 5.44502640e+01,
          3.35078545e+01, 3.35078545e+01, 4.18848190e+01, 5.02617798e+01,
          3.14136143e+01, 3.76963348e+01, 3.14136143e+01, 6.07329865e+01,
          5.23560219e+01, 4.60732994e+01, 4.18848190e+01, 4.60732994e+01,
          6.70157089e+01, 3.35078545e+01, 7.53926697e+01, 5.86387444e+01,
          4.18848190e+01, 6.49214706e+01, 6.49214706e+01, 7.12041931e+01,
          8.37696381e+01, 7.12041931e+01, 5.86387444e+01, 7.32984314e+01,
          8.16753922e+01, 9.42408371e+01, 1.86387436e+02, 1.78010483e+02,
          1.08900528e+02, 5.65445061e+01, 1.21465973e+02, 1.34031418e+02,
          1.48691101e+02, 1.57068069e+02, 1.61256546e+02, 2.21989532e+02,
          9.63350830e+01, 2.47120422e+02, 1.86387436e+02, 2.57591644e+02,
          2.45026184e+02, 2.61780121e+02, 2.61780121e+02, 8.16753922e+01,
          1.65445038e+02, 2.49214661e+02, 1.82198959e+02, 2.19895294e+02,
          1.96858643e+02, 1.63350784e+02, 1.42408386e+02, 1.27748695e+02,
          1.31937180e+02, 1.65445038e+02, 1.71727753e+02, 1.29842941e+02,
          1.34031418e+02, 9.63350830e+01, 1.29842941e+02, 6.91099472e+01,
          1.17277489e+02, 1.44502625e+02, 1.04712044e+02, 1.02617805e+02,
          1.42408386e+02, 1.31937180e+02, 1.15183250e+02, 5.86387444e+01,
          1.08900528e+02, 1.36125656e+02, 9.42408371e+01, 1.02617805e+02,
          9.00523605e+01, 9.21465988e+01, 6.49214706e+01, 9.21465988e+01,
          1.21465973e+02, 1.02617805e+02, 9.63350830e+01, 8.37696381e+01,
          7.12041931e+01, 4.18848190e+01, 7.12041931e+01, 7.95811539e+01,
          7.95811539e+01, 6.07329865e+01, 3.56020966e+01, 4.60732994e+01,
          3.14136143e+01, 3.97905769e+01, 4.18848190e+01, 2.72251320e+01,
          5.44502640e+01, 2.09424095e+01, 3.35078545e+01, 2.93193722e+01,
          3.35078545e+01, 3.14136143e+01, 2.51308899e+01, 4.18848190e+01,
          2.51308899e+01, 4.18848190e+01, 3.14136143e+01, 4.60732994e+01,
          4.18848190e+01, 3.35078545e+01, 1.25654449e+01, 2.72251320e+01,
          3.14136143e+01, 2.72251320e+01, 1.67539272e+01, 1.67539272e+01,
          2.09424095e+01, 2.30366497e+01, 1.46596861e+01, 1.46596861e+01,
          2.51308899e+01, 1.04712048e+01, 4.18848181e+00, 2.09424095e+01,
          2.09424095e+01, 1.04712048e+01, 1.04712048e+01, 8.37696362e+00,
          4.18848181e+00, 1.46596861e+01, 8.37696362e+00, 2.09424090e+00,
          2.09424090e+00, 6.28272247e+00, 0., 2.09424090e+00,
          2.09424090e+00, 4.18848181e+00, 0., 0., 0., 4.18848181e+00,
          4.18848181e+00, 6.28272247e+00, 2.09424090e+00, 2.09424090e+00,
          4.18848181e+00, 4.18848181e+00, 6.28272247e+00, 1.04712048e+01,
          2.09424090e+00, 2.09424090e+00, 4.18848181e+00, 2.09424090e+00,
          2.09424090e+00, 2.09424090e+00, 0., 6.28272247e+00,
          2.09424090e+00, 0., 2.09424090e+00, 0., 2.09424090e+00,
          4.18848181e+00, 4.18848181e+00, 2.09424090e+00, 0.,
          2.09424090e+00, 2.09424090e+00, 2.09424090e+00, 0.,
          4.18848181e+00, 2.09424090e+00, 0., 0., 4.18848181e+00, 0., 0.,
          0., 4.18848181e+00, 0., 0., 0., 4.18848181e+00, 0., 0., 0.,
          2.09424090e+00, 0., 0., 0., 0., 0., 0., 0., 0., 0., 0., 0., 0.,
          0., 0., 2.09424090e+00, 0., 2.09424090e+00, 0., 2.09424090e+00,
          0., 0., 0., 0., 0., 0., 0., 0., 0., 0., 0., 0., 0., 0., 0., 0.,
          0., 0., 0., 0., 0., 0. ]
   - !!opencv-matrix
      rows: 256
      cols: 1
      dt: f
      data: [ 6.28099174e+01, 6.61157036e+00, 2.14876041e+01,
          2.47933884e+01, 3.14049587e+01, 4.62809906e+01, 5.28925629e+01,
          4.62809906e+01, 1.20661156e+02, 1.96694214e+02, 2.99173553e+02,
          400., 3.86776855e+02, 3.09090912e+02, 1.10743805e+02,
          2.24793396e+02, 9.58677673e+01, 1.07438019e+02, 1.27272728e+02,
          7.27272720e+01, 4.46281013e+01, 4.95867767e+01, 4.62809906e+01,
          3.96694221e+01, 5.78512421e+01, 4.13223152e+01, 5.78512421e+01,
          5.95041351e+01, 3.14049587e+01, 4.95867767e+01, 9.25619812e+01,
          7.60330582e+01, 6.94214859e+01, 9.75206604e+01, 8.59504166e+01,
          8.59504166e+01, 1.00826447e+02, 1.19008270e+02, 1.20661156e+02,
          1.20661156e+02, 1.25619835e+02, 1.50413223e+02, 1.81818192e+02,
          1.28925629e+02, 2.42975204e+02, 1.47107437e+02, 2.29752075e+02,
          2.42975204e+02, 2.31404968e+02, 2.16528931e+02, 1.78512405e+02,
          2.49586777e+02, 2.41322311e+02, 2.06611572e+02, 1.80165298e+02,
          1.60330582e+02, 1.38842972e+02, 1.35537186e+02, 1.47107437e+02,
          1.53719009e+02, 1.19008270e+02, 1.60330582e+02, 1.73553726e+02,
          1.22314049e+02, 1.37190079e+02, 1.27272728e+02, 1.71900833e+02,
          1.28925629e+02, 7.60330582e+01, 1.17355377e+02, 7.60330582e+01,
          9.42148743e+01, 9.58677673e+01, 7.76859512e+01, 1.04132233e+02,
          6.94214859e+01, 8.76033096e+01, 8.76033096e+01, 6.44628143e+01,
          7.10743790e+01, 4.13223152e+01, 5.95041351e+01, 5.28925629e+01,
          5.61983490e+01, 4.62809906e+01, 3.96694221e+01, 2.64462814e+01,
          2.14876041e+01, 2.14876041e+01, 2.31404953e+01, 1.98347111e+01,
          2.64462814e+01, 2.64462814e+01, 2.47933884e+01, 2.31404953e+01,
          1.98347111e+01, 1.15702477e+01, 2.31404953e+01, 1.32231407e+01,
          1.48760338e+01, 2.47933884e+01, 1.98347111e+01, 1.98347111e+01,
          1.32231407e+01, 1.15702477e+01, 8.26446342e+00, 1.48760338e+01,
          1.32231407e+01, 9.91735554e+00, 6.61157036e+00, 3.30578518e+00,
          6.61157036e+00, 8.26446342e+00, 1.32231407e+01, 6.61157036e+00,
          6.61157036e+00, 9.91735554e+00, 1.65289259e+00, 4.95867777e+00,
          1.65289259e+00, 1.65289259e+00, 3.30578518e+00, 9.91735554e+00,
          4.95867777e+00, 4.95867777e+00, 6.61157036e+00, 3.30578518e+00,
          9.91735554e+00, 4.95867777e+00, 0., 0., 3.30578518e+00,
          6.61157036e+00, 4.95867777e+00, 3.30578518e+00, 1.65289259e+00,
          1.65289259e+00, 6.61157036e+00, 3.30578518e+00, 4.95867777e+00,
          4.95867777e+00, 4.95867777e+00, 8.26446342e+00, 6.61157036e+00,
          3.30578518e+00, 1.65289259e+00, 1.65289259e+00, 3.30578518e+00,
          9.91735554e+00, 3.30578518e+00, 1.65289259e+00, 4.95867777e+00,
          3.30578518e+00, 1.65289259e+00, 1.65289259e+00, 6.61157036e+00,
          1.65289259e+00, 0., 0., 3.30578518e+00, 1.65289259e+00,
          1.65289259e+00, 3.30578518e+00, 3.30578518e+00, 4.95867777e+00,
          0., 0., 0., 0., 4.95867777e+00, 0., 0., 0., 0., 0., 0., 0., 0.,
          0., 0., 1.65289259e+00, 0., 1.65289259e+00, 0., 1.65289259e+00,
          0., 0., 0., 0., 0., 0., 0., 0., 0., 0., 0., 0., 0., 0., 0., 0.,
          0., 0., 0., 0., 0., 0., 0., 0., 0., 0., 0., 0., 0., 0., 0., 0.,
          0., 0., 0., 0., 0., 0., 0., 0., 0., 0., 0., 0., 0., 0., 0., 0.,
          0., 0., 0., 0., 0., 0., 0., 0., 0., 0., 0., 0., 0., 0., 0., 0.,
          0., 0., 0., 0., 0., 0., 0. ]
CM1:
   - !!opencv-matrix
      rows: 256
      cols: 1
      dt: f
      data: [ 0., 0., 0., 0., 0., 0., 0., 0., 0., 0., 0., 0., 0., 0., 0.,
          0., 0., 0., 0., 0., 0., 0., 0., 0., 0., 2.09424090e+00,
          6.28272247e+00, 0., 2.09424090e+00, 6.28272247e+00,
          8.37696362e+00, 4.18848181e+00, 1.04712048e+01, 1.67539272e+01,
          1.25654449e+01, 8.37696362e+00, 6.28272247e+00, 1.46596861e+01,
          3.97905769e+01, 7.53926697e+01, 5.44502640e+01, 4.60732994e+01,
          1.13089012e+02, 5.23560219e+01, 1.13089012e+02, 1.38219894e+02,
          1.40314148e+02, 1.40314148e+02, 1.04712044e+02, 1.44502625e+02,
          9.63350830e+01, 1.52879593e+02, 1.04712044e+02, 1.52879593e+02,
          1.80104721e+02, 1.08900528e+02, 1.50785339e+02, 1.52879593e+02,
          2.42931946e+02, 1.78010483e+02, 2.89005249e+02, 2.76439789e+02,
          2.32460739e+02, 2.61780121e+02, 2.45026184e+02, 3.45549744e+02,
          2.53403152e+02, 3.03664917e+02, 3.39267029e+02, 2.17801056e+02,
          3.35078552e+02, 2.82722534e+02, 400., 1.61256546e+02,
          2.93193726e+02, 2.86911011e+02, 9.84293213e+01, 2.91099487e+02,
          2.03141373e+02, 2.40837708e+02, 2.05235611e+02, 2.63874359e+02,
          2.15706818e+02, 9.00523605e+01, 2.65968597e+02, 1.67539276e+02,
          1.82198959e+02, 1.40314148e+02, 1.98952881e+02, 1.88481674e+02,
          8.58638763e+01, 1.73821991e+02, 1.08900528e+02, 1.46596863e+02,
          9.84293213e+01, 1.29842941e+02, 1.15183250e+02, 1.17277489e+02,
          1.54973831e+02, 1.15183250e+02, 2.30366497e+01, 9.21465988e+01,
          4.18848190e+01, 7.12041931e+01, 5.65445061e+01, 6.91099472e+01,
          7.74869156e+01, 3.76963348e+01, 9.00523605e+01, 3.35078545e+01,
          6.91099472e+01, 4.39790573e+01, 4.39790573e+01, 3.14136143e+01,
          1.46596861e+01, 3.76963348e+01, 2.30366497e+01, 1.88481674e+01,
          4.39790573e+01, 2.30366497e+01, 2.72251320e+01, 1.88481674e+01,
          2.30366497e+01, 8.37696362e+00, 1.04712048e+01, 2.51308899e+01,
          2.09424095e+01, 1.04712048e+01, 1.25654449e+01, 1.88481674e+01,
          1.88481674e+01, 1.04712048e+01, 1.67539272e+01, 4.18848181e+00,
          1.04712048e+01, 4.18848181e+00, 4.18848181e+00, 6.28272247e+00,
          4.18848181e+00, 4.18848181e+00, 0., 2.09424090e+00,
          4.18848181e+00, 8.37696362e+00, 8.37696362e+00, 2.09424090e+00,
          4.18848181e+00, 2.09424090e+00, 6.28272247e+00, 4.18848181e+00,
          0., 4.18848181e+00, 0., 0., 4.18848181e+00, 6.28272247e+00, 0.,
          0., 2.09424090e+00, 0., 0., 0., 4.18848181e+00, 2.09424090e+00,
          2.09424090e+00, 4.18848181e+00, 2.09424090e+00, 0., 0., 0., 0.,
          2.09424090e+00, 0., 0., 2.09424090e+00, 2.09424090e+00,
          2.09424090e+00, 0., 0., 0., 4.18848181e+00, 0., 0., 0.,
          2.09424090e+00, 0., 0., 2.09424090e+00, 0., 0., 0., 0., 0., 0.,
          0., 0., 0., 0., 0., 0., 0., 0., 0., 0., 0., 0., 0., 0., 0., 0.,
          0., 0., 0., 0., 0., 0., 0., 0., 0., 0., 0., 0., 0., 0., 0., 0.,
          0., 0., 0., 0., 0., 0., 0., 0., 0., 0., 0., 0., 0., 0., 0., 0.,
          0., 0., 0., 0., 0., 0., 0., 0., 0., 0., 0., 0., 0., 0. ]
   - !!opencv-matrix
      rows: 256
      cols: 1
      dt: f
      data: [ 0., 0., 0., 0., 0., 0., 0., 0., 0., 0., 0., 0., 0., 0., 0.,
          0., 0., 2.43902445e+00, 0., 0., 2.43902445e+00, 2.43902445e+00,
          4.87804890e+00, 7.31707335e+00, 7.31707335e+00, 1.21951218e+01,
          2.43902445e+00, 7.31707335e+00, 1.21951218e+01, 4.87804890e+00,
          1.21951218e+01, 2.68292694e+01, 3.41463432e+01, 3.90243912e+01,
          4.87804871e+01, 8.29268341e+01, 6.34146347e+01, 7.80487823e+01,
          100., 1.36585373e+02, 1.21951225e+02, 1.85365860e+02,
          1.31707321e+02, 1.43902435e+02, 1.36585373e+02, 1.36585373e+02,
          2.04878052e+02, 1.97560974e+02, 1.51219513e+02, 2.02439026e+02,
          1.63414642e+02, 2.19512207e+02, 2.53658539e+02, 2.53658539e+02,
          2.48780487e+02, 2.29268295e+02, 3.58536591e+02, 3.04878052e+02,
          3.95121948e+02, 3.97560974e+02, 3.19512207e+02, 3.56097565e+02,
          2.19512207e+02, 3.73170746e+02, 3.46341461e+02, 400.,
          3.09756104e+02, 3.53658539e+02, 2.56097565e+02, 2.31707321e+02,
          3.12195129e+02, 2.80487823e+02, 2.31707321e+02, 2.56097565e+02,
          2.82926849e+02, 2.02439026e+02, 2.26829269e+02, 2.39024399e+02,
          2.43902451e+02, 2.24390244e+02, 2.04878052e+02, 2.90243896e+02,
          6.58536606e+01, 1.31707321e+02, 1.97560974e+02, 1.78048782e+02,
          100., 1.48780487e+02, 1.92682938e+02, 9.75609741e+01,
          5.36585388e+01, 1.29268295e+02, 7.80487823e+01, 7.07317123e+01,
          7.56097565e+01, 6.58536606e+01, 1.12195122e+02, 2.92682934e+01,
          8.29268341e+01, 7.56097565e+01, 6.82926865e+01, 7.31707306e+01,
          4.87804871e+01, 4.63414650e+01, 3.17073174e+01, 3.90243912e+01,
          3.90243912e+01, 4.63414650e+01, 3.65853653e+01, 4.63414650e+01,
          3.90243912e+01, 4.14634171e+01, 4.14634171e+01, 2.68292694e+01,
          3.90243912e+01, 3.65853653e+01, 3.41463432e+01, 5.12195129e+01,
          2.92682934e+01, 5.60975609e+01, 2.43902435e+01, 4.63414650e+01,
          1.95121956e+01, 2.19512196e+01, 2.92682934e+01, 2.68292694e+01,
          1.95121956e+01, 1.21951218e+01, 2.19512196e+01, 1.70731716e+01,
          2.92682934e+01, 1.95121956e+01, 1.21951218e+01, 2.68292694e+01,
          2.43902435e+01, 2.19512196e+01, 4.87804890e+00, 2.43902435e+01,
          9.75609779e+00, 9.75609779e+00, 1.70731716e+01, 1.46341467e+01,
          1.70731716e+01, 1.46341467e+01, 9.75609779e+00, 1.21951218e+01,
          9.75609779e+00, 7.31707335e+00, 7.31707335e+00, 2.43902445e+00,
          1.46341467e+01, 9.75609779e+00, 2.43902445e+00, 0.,
          1.46341467e+01, 2.43902445e+00, 7.31707335e+00, 0., 0.,
          4.87804890e+00, 2.43902445e+00, 0., 2.43902445e+00, 0.,
          7.31707335e+00, 0., 7.31707335e+00, 0., 0., 0., 0.,
          2.43902445e+00, 2.43902445e+00, 0., 0., 4.87804890e+00, 0., 0.,
          0., 0., 0., 2.43902445e+00, 0., 0., 0., 2.43902445e+00, 0., 0.,
          2.43902445e+00, 0., 0., 0., 0., 0., 0., 0., 0., 0., 0., 0., 0.,
          0., 0., 0., 0., 0., 0., 0., 0., 0., 0., 0., 0., 0., 0., 0., 0.,
          0., 0., 0., 0., 0., 0., 0., 0., 0., 0., 0., 0., 0., 0., 0., 0.,
          0., 0., 0., 0., 0., 0., 0., 0., 0., 0., 0., 0., 0., 0., 0., 0.,
          0., 0., 0., 0., 0., 0., 0. ]
   - !!opencv-matrix
      rows: 256
      cols: 1
      dt: f
      data: [ 2.73972607e+00, 2.73972607e+00, 5.47945213e+00, 0.,
          8.21917820e+00, 2.73972607e+00, 2.73972607e+00, 5.47945213e+00,
          0., 1.36986303e+01, 3.01369858e+01, 2.73972607e+00,
          1.36986303e+01, 2.46575356e+01, 1.36986303e+01, 2.19178085e+01,
          2.73972607e+01, 3.56164398e+01, 7.12328796e+01, 6.02739716e+01,
          8.21917801e+01, 8.49315109e+01, 9.31506882e+01, 7.94520569e+01,
          1.20547943e+02, 1.26027397e+02, 2.19178085e+02, 1.94520554e+02,
          1.69863022e+02, 1.83561646e+02, 1.67123291e+02, 200.,
          2.13698639e+02, 2.73972595e+02, 2.43835617e+02, 3.39726044e+02,
          2.82191772e+02, 2.79452057e+02, 3.06849304e+02, 400.,
          2.65753418e+02, 3.31506866e+02, 2.98630127e+02, 2.08219177e+02,
          2.41095886e+02, 2.16438354e+02, 3.28767120e+02, 2.08219177e+02,
          2.43835617e+02, 2.90410950e+02, 2.57534241e+02, 2.08219177e+02,
          1.86301376e+02, 3.12328766e+02, 2.13698639e+02, 2.32876709e+02,
          3.06849304e+02, 2.87671234e+02, 3.69863007e+02, 1.67123291e+02,
          2.49315079e+02, 2.52054794e+02, 3.72602753e+02, 2.08219177e+02,
          2.73972595e+02, 2.35616440e+02, 1.39726028e+02, 3.20547943e+02,
          1.75342468e+02, 2.13698639e+02, 1.56164383e+02, 2.38356171e+02,
          2.24657532e+02, 1.75342468e+02, 2.41095886e+02, 1.28767120e+02,
          1.94520554e+02, 1.91780823e+02, 2.27397263e+02, 1.67123291e+02,
          1.50684937e+02, 2.24657532e+02, 6.57534256e+01, 1.69863022e+02,
          1.12328766e+02, 1.50684937e+02, 1.06849319e+02, 9.86301422e+01,
          1.72602737e+02, 4.65753441e+01, 3.56164398e+01, 8.49315109e+01,
          8.76712341e+01, 7.12328796e+01, 3.83561630e+01, 5.75342484e+01,
          7.94520569e+01, 1.91780815e+01, 7.67123260e+01, 3.01369858e+01,
          3.83561630e+01, 3.56164398e+01, 2.46575356e+01, 1.64383564e+01,
          3.28767128e+01, 2.73972607e+01, 1.36986303e+01, 2.19178085e+01,
          5.47945213e+00, 2.19178085e+01, 8.21917820e+00, 2.46575356e+01,
          1.36986303e+01, 2.46575356e+01, 1.36986303e+01, 5.47945213e+00,
          1.36986303e+01, 8.21917820e+00, 8.21917820e+00, 1.36986303e+01,
          1.91780815e+01, 1.64383564e+01, 5.47945213e+00, 5.47945213e+00,
          8.21917820e+00, 1.09589043e+01, 0., 2.73972607e+00,
          1.36986303e+01, 1.09589043e+01, 2.73972607e+00, 8.21917820e+00,
          2.73972607e+00, 1.09589043e+01, 5.47945213e+00, 5.47945213e+00,
          2.73972607e+00, 8.21917820e+00, 8.21917820e+00, 2.73972607e+00,
          2.73972607e+00, 5.47945213e+00, 1.64383564e+01, 0.,
          8.21917820e+00, 2.73972607e+00, 5.47945213e+00, 5.47945213e+00,
          8.21917820e+00, 2.73972607e+00, 0., 5.47945213e+00,
          2.73972607e+00, 2.73972607e+00, 5.47945213e+00, 0.,
          2.73972607e+00, 0., 2.73972607e+00, 2.73972607e+00, 0.,
          5.47945213e+00, 5.47945213e+00, 0., 0., 2.73972607e+00, 0., 0.,
          0., 0., 0., 0., 2.73972607e+00, 0., 0., 2.73972607e+00, 0., 0.,
          2.73972607e+00, 0., 2.73972607e+00, 0., 0., 0., 0., 0., 0., 0.,
          0., 0., 0., 0., 0., 0., 0., 0., 0., 0., 0., 0., 0., 0., 0., 0.,
          0., 0., 0., 0., 0., 0., 0., 0., 0., 0., 0., 0., 0., 0., 0., 0.,
          0., 0., 0., 0., 0., 0., 0., 0., 0., 0., 0., 0., 0., 0., 0., 0.,
          0., 0., 0., 0., 0., 0., 0., 0., 0., 0., 0., 0., 0., 0., 0., 0.,
          0., 0., 0., 0. ]
CM2:
   - !!opencv-matrix
      rows: 256
      cols: 1
      dt: f
      data: [ 0., 0., 0., 0., 0., 0., 0., 8.08080792e-01, 0.,
          8.08080792e-01, 0., 8.08080792e-01, 8.08080792e-01,
          4.04040384e+00, 6.46464634e+00, 7.27272701e+00, 4.04040384e+00,
          1.45454540e+01, 3.07070694e+01, 9.29292908e+01, 4.60606041e+01,
          2.41616150e+02, 1.85050507e+02, 2.40808075e+02, 3.57979797e+02,
          400., 320., 1.05858582e+02, 2.56969696e+02, 1.76969696e+02,
          2.03636353e+02, 2.65050507e+02, 2.33535355e+02, 2.23030304e+02,
          1.17171715e+02, 2.12525253e+02, 7.43434296e+01, 1.29292923e+02,
          8.40404053e+01, 7.35353546e+01, 4.84848480e+01, 4.84848480e+01,
          6.30303001e+01, 3.47474747e+01, 4.76767654e+01, 3.15151501e+01,
          4.04040413e+01, 2.90909081e+01, 2.50505047e+01, 2.02020206e+01,
          2.58585854e+01, 3.07070694e+01, 2.34343433e+01, 2.18181820e+01,
          2.02020206e+01, 2.82828274e+01, 2.42424240e+01, 1.85858574e+01,
          2.42424240e+01, 2.18181820e+01, 2.50505047e+01, 2.10101013e+01,
          3.07070694e+01, 2.98989887e+01, 1.61616154e+01, 1.45454540e+01,
          1.69696960e+01, 1.13131313e+01, 1.29292927e+01, 1.93939400e+01,
          2.02020206e+01, 9.69696999e+00, 1.77777767e+01, 1.13131313e+01,
          1.05050507e+01, 1.61616154e+01, 1.85858574e+01, 1.13131313e+01,
          1.85858574e+01, 1.77777767e+01, 8.88888836e+00, 1.05050507e+01,
          1.05050507e+01, 9.69696999e+00, 6.46464634e+00, 1.05050507e+01,
          1.37373734e+01, 8.08080769e+00, 9.69696999e+00, 8.88888836e+00,
          1.13131313e+01, 1.53535347e+01, 4.84848499e+00, 1.69696960e+01,
          4.04040384e+00, 1.37373734e+01, 1.21212120e+01, 7.27272701e+00,
          1.61616154e+01, 1.85858574e+01, 1.37373734e+01, 1.77777767e+01,
          1.05050507e+01, 1.69696960e+01, 1.37373734e+01, 1.53535347e+01,
          1.29292927e+01, 1.37373734e+01, 1.29292927e+01, 1.13131313e+01,
          8.88888836e+00, 7.27272701e+00, 8.08080769e+00, 8.08080769e+00,
          8.88888836e+00, 8.88888836e+00, 5.65656567e+00, 4.84848499e+00,
          3.23232317e+00, 4.84848499e+00, 8.08080769e+00, 7.27272701e+00,
          4.04040384e+00, 4.84848499e+00, 9.69696999e+00, 4.04040384e+00,
          8.08080769e+00, 8.08080792e-01, 8.08080769e+00, 4.84848499e+00,
          2.42424250e+00, 7.27272701e+00, 3.23232317e+00, 6.46464634e+00,
          5.65656567e+00, 1.61616158e+00, 6.46464634e+00, 1.61616158e+00,
          8.08080792e-01, 3.23232317e+00, 1.61616158e+00, 1.61616158e+00,
          1.61616158e+00, 0., 8.08080792e-01, 1.61616158e+00, 0.,
          1.61616158e+00, 2.42424250e+00, 2.42424250e+00, 1.61616158e+00,
          3.23232317e+00, 2.42424250e+00, 1.61616158e+00, 8.08080792e-01,
          0., 0., 0., 1.61616158e+00, 0., 3.23232317e+00, 2.42424250e+00,
          3.23232317e+00, 2.42424250e+00, 8.08080792e-01, 0.,
          8.08080792e-01, 1.61616158e+00, 1.61616158e+00, 0., 0., 0., 0.,
          8.08080792e-01, 8.08080792e-01, 8.08080792e-01, 1.61616158e+00,
          0., 1.61616158e+00, 8.08080792e-01, 3.23232317e+00,
          8.08080792e-01, 8.08080792e-01, 8.08080792e-01, 1.61616158e+00,
          2.42424250e+00, 8.08080792e-01, 8.08080792e-01, 8.08080792e-01,
          0., 0., 2.42424250e+00, 0., 8.08080792e-01, 1.61616158e+00,
          8.08080792e-01, 0., 1.61616158e+00, 8.08080792e-01,
          8.08080792e-01, 0., 0., 0., 0., 8.08080792e-01, 0.,
          2.42424250e+00, 3.23232317e+00, 0., 1.61616158e+00,
          1.61616158e+00, 8.08080792e-01, 1.61616158e+00, 8.08080792e-01,
          8.08080792e-01, 0., 0., 8.08080792e-01, 0., 0., 3.23232317e+00,
          0., 1.61616158e+00, 0., 0., 0., 0., 0., 0., 0., 0., 0., 0., 0.,
          0., 0., 0., 0., 0., 1.61616158e+00, 0., 0., 8.08080792e-01, 0.,
          0., 0., 0., 0., 8.08080792e-01, 8.08080792e-01, 0., 0., 0., 0.,
          0., 0. ]
   - !!opencv-matrix
      rows: 256
      cols: 1
      dt: f
      data: [ 0., 0., 0., 7.82778859e-01, 0., 0., 7.82778859e-01, 0.,
          7.82778859e-01, 1.56555772e+00, 7.04500961e+00, 1.72211342e+01,
          3.05283756e+01, 5.55772972e+01, 4.30528374e+01, 1.69080231e+02,
          1.88649704e+02, 1.90215256e+02, 3.87475525e+02, 400.,
          3.52250488e+02, 1.79256363e+02, 1.74559692e+02, 2.19178085e+02,
          1.92563599e+02, 2.03522507e+02, 2.12133072e+02, 2.19960861e+02,
          2.36399216e+02, 8.84540100e+01, 9.31506805e+01, 1.19765167e+02,
          9.62817993e+01, 8.29745560e+01, 5.71428566e+01, 4.22700577e+01,
          2.89628181e+01, 4.46183968e+01, 4.38356171e+01, 4.22700577e+01,
          3.36594925e+01, 2.58317032e+01, 2.50489235e+01, 1.33072405e+01,
          2.50489235e+01, 2.66144810e+01, 2.34833660e+01, 2.66144810e+01,
          2.34833660e+01, 1.64383564e+01, 2.19178085e+01, 2.19178085e+01,
          1.80039139e+01, 2.50489235e+01, 1.72211342e+01, 2.19178085e+01,
          1.01761255e+01, 1.33072405e+01, 1.87866936e+01, 1.48727980e+01,
          2.27005863e+01, 1.87866936e+01, 1.56555767e+01, 1.64383564e+01,
          1.01761255e+01, 1.25244617e+01, 1.40900192e+01, 1.40900192e+01,
          1.48727980e+01, 1.48727980e+01, 7.82778835e+00, 1.80039139e+01,
          7.82778835e+00, 7.82778835e+00, 1.56555767e+01, 1.56555767e+01,
          1.72211342e+01, 1.64383564e+01, 8.61056709e+00, 6.26223087e+00,
          1.01761255e+01, 1.33072405e+01, 8.61056709e+00, 9.39334679e+00,
          1.25244617e+01, 4.69667339e+00, 9.39334679e+00, 5.47945213e+00,
          7.04500961e+00, 1.56555767e+01, 1.01761255e+01, 5.47945213e+00,
          7.04500961e+00, 8.61056709e+00, 8.61056709e+00, 1.17416830e+01,
          1.25244617e+01, 8.61056709e+00, 1.40900192e+01, 1.40900192e+01,
          1.17416830e+01, 1.17416830e+01, 8.61056709e+00, 1.25244617e+01,
          1.09589043e+01, 8.61056709e+00, 6.26223087e+00, 6.26223087e+00,
          8.61056709e+00, 1.09589043e+01, 1.72211342e+01, 9.39334679e+00,
          9.39334679e+00, 1.33072405e+01, 1.01761255e+01, 8.61056709e+00,
          8.61056709e+00, 4.69667339e+00, 7.82778835e+00, 4.69667339e+00,
          4.69667339e+00, 6.26223087e+00, 1.56555772e+00, 4.69667339e+00,
          7.04500961e+00, 5.47945213e+00, 9.39334679e+00, 8.61056709e+00,
          7.04500961e+00, 5.47945213e+00, 6.26223087e+00, 7.04500961e+00,
          2.34833670e+00, 1.17416830e+01, 2.34833670e+00, 4.69667339e+00,
          4.69667339e+00, 5.47945213e+00, 7.82778859e-01, 3.13111544e+00,
          7.04500961e+00, 3.91389418e+00, 2.34833670e+00, 4.69667339e+00,
          7.82778835e+00, 3.91389418e+00, 3.13111544e+00, 5.47945213e+00,
          7.82778859e-01, 1.56555772e+00, 7.82778859e-01, 0., 0.,
          7.82778859e-01, 7.82778859e-01, 2.34833670e+00, 2.34833670e+00,
          1.56555772e+00, 7.82778859e-01, 0., 0., 7.82778859e-01,
          7.82778859e-01, 7.82778859e-01, 7.82778859e-01, 2.34833670e+00,
          7.82778859e-01, 0., 0., 1.56555772e+00, 0., 1.56555772e+00,
          7.82778859e-01, 0., 3.13111544e+00, 1.56555772e+00,
          7.82778859e-01, 0., 7.82778859e-01, 1.56555772e+00,
          7.82778859e-01, 7.82778859e-01, 7.82778859e-01, 7.82778859e-01,
          1.56555772e+00, 2.34833670e+00, 0., 2.34833670e+00, 0., 0.,
          1.56555772e+00, 0., 7.82778859e-01, 0., 7.82778859e-01, 0.,
          1.56555772e+00, 1.56555772e+00, 0., 7.82778859e-01, 0.,
          1.56555772e+00, 7.82778859e-01, 0., 0., 7.82778859e-01,
          1.56555772e+00, 2.34833670e+00, 1.56555772e+00, 1.56555772e+00,
          7.82778859e-01, 7.82778859e-01, 0., 2.34833670e+00,
          7.82778859e-01, 0., 0., 1.56555772e+00, 7.82778859e-01, 0.,
          1.56555772e+00, 1.56555772e+00, 0., 0., 0., 0., 0., 0., 0., 0.,
          0., 0., 0., 0., 0., 0., 7.82778859e-01, 0., 0., 0.,
          1.56555772e+00, 0., 0., 0., 0., 0., 7.82778859e-01,
          7.82778859e-01, 0., 0., 0., 0., 0., 0., 0., 0. ]
   - !!opencv-matrix
      rows: 256
      cols: 1
      dt: f
      data: [ 4.82213440e+01, 1.02766800e+01, 1.50197620e+01,
          9.48616600e+00, 2.29249001e+01, 3.47826080e+01, 4.42687721e+01,
          6.08695641e+01, 1.24110672e+02, 9.48616562e+01, 3.10671936e+02,
          2.88537537e+02, 2.83003937e+02, 3.99209473e+02, 400.,
          3.79446625e+02, 1.64426880e+02, 3.14624512e+02, 3.51778656e+02,
          2.03162048e+02, 1.77865601e+02, 9.16996002e+01, 1.30434784e+02,
          8.93280640e+01, 8.37944641e+01, 6.95652161e+01, 5.77075081e+01,
          5.53359680e+01, 2.37154140e+01, 4.34782600e+01, 3.16205521e+01,
          3.39920921e+01, 3.71541481e+01, 4.11067200e+01, 2.13438721e+01,
          1.97628460e+01, 2.84584980e+01, 3.63636360e+01, 3.16205521e+01,
          3.32015800e+01, 2.37154140e+01, 3.00395241e+01, 2.21343861e+01,
          3.16205521e+01, 2.29249001e+01, 1.81818180e+01, 2.84584980e+01,
          1.81818180e+01, 1.58102760e+01, 1.10671930e+01, 1.42292490e+01,
          1.58102760e+01, 1.58102760e+01, 1.58102760e+01, 1.73913040e+01,
          2.05533600e+01, 2.37154140e+01, 1.66007900e+01, 1.10671930e+01,
          1.89723320e+01, 1.58102760e+01, 1.58102760e+01, 1.26482210e+01,
          1.42292490e+01, 2.84584980e+01, 1.58102760e+01, 6.32411051e+00,
          1.34387350e+01, 1.26482210e+01, 1.34387350e+01, 1.02766800e+01,
          7.90513802e+00, 7.90513802e+00, 1.18577070e+01, 6.32411051e+00,
          1.26482210e+01, 5.53359652e+00, 4.74308300e+00, 7.11462450e+00,
          1.10671930e+01, 3.95256901e+00, 6.32411051e+00, 8.69565201e+00,
          3.16205525e+00, 1.58102763e+00, 7.11462450e+00, 5.53359652e+00,
          1.58102763e+00, 6.32411051e+00, 3.16205525e+00, 5.53359652e+00,
          3.16205525e+00, 2.37154150e+00, 7.11462450e+00, 4.74308300e+00,
          3.95256901e+00, 6.32411051e+00, 6.32411051e+00, 4.74308300e+00,
          3.16205525e+00, 3.95256901e+00, 6.32411051e+00, 2.37154150e+00,
          3.95256901e+00, 1.58102763e+00, 7.90513813e-01, 4.74308300e+00,
          7.90513813e-01, 7.90513802e+00, 4.74308300e+00, 4.74308300e+00,
          7.90513813e-01, 3.95256901e+00, 1.58102763e+00, 3.16205525e+00,
          0., 7.11462450e+00, 2.37154150e+00, 1.58102763e+00,
          5.53359652e+00, 0., 3.95256901e+00, 2.37154150e+00,
          1.58102763e+00, 1.58102763e+00, 1.58102763e+00, 7.90513813e-01,
          1.58102763e+00, 0., 3.95256901e+00, 7.90513813e-01, 0.,
          8.69565201e+00, 0., 7.90513813e-01, 7.90513813e-01,
          3.95256901e+00, 2.37154150e+00, 0., 0., 7.90513813e-01,
          7.90513813e-01, 0., 2.37154150e+00, 1.58102763e+00,
          7.90513813e-01, 0., 0., 2.37154150e+00, 0., 7.90513813e-01,
          7.90513813e-01, 7.90513813e-01, 1.58102763e+00, 7.90513813e-01,
          7.90513813e-01, 1.58102763e+00, 1.58102763e+00, 1.58102763e+00,
          2.37154150e+00, 3.95256901e+00, 0., 3.16205525e+00,
          7.90513813e-01, 7.90513813e-01, 0., 1.58102763e+00, 0.,
          1.58102763e+00, 1.58102763e+00, 2.37154150e+00, 0., 0.,
          2.37154150e+00, 0., 1.58102763e+00, 7.90513813e-01,
          1.58102763e+00, 7.90513813e-01, 0., 0., 1.58102763e+00,
          3.16205525e+00, 7.90513813e-01, 7.90513813e-01, 0., 0., 0., 0.,
          0., 2.37154150e+00, 1.58102763e+00, 0., 0., 0., 0.,
          7.90513813e-01, 0., 0., 0., 0., 0., 0., 1.58102763e+00, 0., 0.,
          0., 0., 7.90513813e-01, 7.90513813e-01, 7.90513813e-01, 0., 0.,
          0., 0., 0., 0., 0., 0., 0., 0., 0., 0., 0., 0., 0., 0., 0., 0.,
          0., 0., 0., 0., 0., 0., 0., 0., 0., 0., 0., 0., 0., 0., 0., 0.,
          0., 0., 0., 0., 0., 0., 0., 0., 0., 0., 0. ]

CM3:
   - !!opencv-matrix
      rows: 256
      cols: 1
      dt: f
      data: [ 0., 0., 0., 0., 0., 0., 0., 8.08080792e-01, 0.,
          8.08080792e-01, 0., 8.08080792e-01, 8.08080792e-01,
          4.04040384e+00, 6.46464634e+00, 7.27272701e+00, 4.04040384e+00,
          1.45454540e+01, 3.07070694e+01, 9.29292908e+01, 4.60606041e+01,
          2.41616150e+02, 1.85050507e+02, 2.40808075e+02, 3.57979797e+02,
          400., 320., 1.05858582e+02, 2.56969696e+02, 1.76969696e+02,
          2.03636353e+02, 2.65050507e+02, 2.33535355e+02, 2.23030304e+02,
          1.17171715e+02, 2.12525253e+02, 7.43434296e+01, 1.29292923e+02,
          8.40404053e+01, 7.35353546e+01, 4.84848480e+01, 4.84848480e+01,
          6.30303001e+01, 3.47474747e+01, 4.76767654e+01, 3.15151501e+01,
          4.04040413e+01, 2.90909081e+01, 2.50505047e+01, 2.02020206e+01,
          2.58585854e+01, 3.07070694e+01, 2.34343433e+01, 2.18181820e+01,
          2.02020206e+01, 2.82828274e+01, 2.42424240e+01, 1.85858574e+01,
          2.42424240e+01, 2.18181820e+01, 2.50505047e+01, 2.10101013e+01,
          3.07070694e+01, 2.98989887e+01, 1.61616154e+01, 1.45454540e+01,
          1.69696960e+01, 1.13131313e+01, 1.29292927e+01, 1.93939400e+01,
          2.02020206e+01, 9.69696999e+00, 1.77777767e+01, 1.13131313e+01,
          1.05050507e+01, 1.61616154e+01, 1.85858574e+01, 1.13131313e+01,
          1.85858574e+01, 1.77777767e+01, 8.88888836e+00, 1.05050507e+01,
          1.05050507e+01, 9.69696999e+00, 6.46464634e+00, 1.05050507e+01,
          1.37373734e+01, 8.08080769e+00, 9.69696999e+00, 8.88888836e+00,
          1.13131313e+01, 1.53535347e+01, 4.84848499e+00, 1.69696960e+01,
          4.04040384e+00, 1.37373734e+01, 1.21212120e+01, 7.27272701e+00,
          1.61616154e+01, 1.85858574e+01, 1.37373734e+01, 1.77777767e+01,
          1.05050507e+01, 1.69696960e+01, 1.37373734e+01, 1.53535347e+01,
          1.29292927e+01, 1.37373734e+01, 1.29292927e+01, 1.13131313e+01,
          8.88888836e+00, 7.27272701e+00, 8.08080769e+00, 8.08080769e+00,
          8.88888836e+00, 8.88888836e+00, 5.65656567e+00, 4.84848499e+00,
          3.23232317e+00, 4.84848499e+00, 8.08080769e+00, 7.27272701e+00,
          4.04040384e+00, 4.84848499e+00, 9.69696999e+00, 4.04040384e+00,
          8.08080769e+00, 8.08080792e-01, 8.08080769e+00, 4.84848499e+00,
          2.42424250e+00, 7.27272701e+00, 3.23232317e+00, 6.46464634e+00,
          5.65656567e+00, 1.61616158e+00, 6.46464634e+00, 1.61616158e+00,
          8.08080792e-01, 3.23232317e+00, 1.61616158e+00, 1.61616158e+00,
          1.61616158e+00, 0., 8.08080792e-01, 1.61616158e+00, 0.,
          1.61616158e+00, 2.42424250e+00, 2.42424250e+00, 1.61616158e+00,
          3.23232317e+00, 2.42424250e+00, 1.61616158e+00, 8.08080792e-01,
          0., 0., 0., 1.61616158e+00, 0., 3.23232317e+00, 2.42424250e+00,
          3.23232317e+00, 2.42424250e+00, 8.08080792e-01, 0.,
          8.08080792e-01, 1.61616158e+00, 1.61616158e+00, 0., 0., 0., 0.,
          8.08080792e-01, 8.08080792e-01, 8.08080792e-01, 1.61616158e+00,
          0., 1.61616158e+00, 8.08080792e-01, 3.23232317e+00,
          8.08080792e-01, 8.08080792e-01, 8.08080792e-01, 1.61616158e+00,
          2.42424250e+00, 8.08080792e-01, 8.08080792e-01, 8.08080792e-01,
          0., 0., 2.42424250e+00, 0., 8.08080792e-01, 1.61616158e+00,
          8.08080792e-01, 0., 1.61616158e+00, 8.08080792e-01,
          8.08080792e-01, 0., 0., 0., 0., 8.08080792e-01, 0.,
          2.42424250e+00, 3.23232317e+00, 0., 1.61616158e+00,
          1.61616158e+00, 8.08080792e-01, 1.61616158e+00, 8.08080792e-01,
          8.08080792e-01, 0., 0., 8.08080792e-01, 0., 0., 3.23232317e+00,
          0., 1.61616158e+00, 0., 0., 0., 0., 0., 0., 0., 0., 0., 0., 0.,
          0., 0., 0., 0., 0., 1.61616158e+00, 0., 0., 8.08080792e-01, 0.,
          0., 0., 0., 0., 8.08080792e-01, 8.08080792e-01, 0., 0., 0., 0.,
          0., 0. ]
   - !!opencv-matrix
      rows: 256
      cols: 1
      dt: f
      data: [ 0., 0., 0., 7.82778859e-01, 0., 0., 7.82778859e-01, 0.,
          7.82778859e-01, 1.56555772e+00, 7.04500961e+00, 1.72211342e+01,
          3.05283756e+01, 5.55772972e+01, 4.30528374e+01, 1.69080231e+02,
          1.88649704e+02, 1.90215256e+02, 3.87475525e+02, 400.,
          3.52250488e+02, 1.79256363e+02, 1.74559692e+02, 2.19178085e+02,
          1.92563599e+02, 2.03522507e+02, 2.12133072e+02, 2.19960861e+02,
          2.36399216e+02, 8.84540100e+01, 9.31506805e+01, 1.19765167e+02,
          9.62817993e+01, 8.29745560e+01, 5.71428566e+01, 4.22700577e+01,
          2.89628181e+01, 4.46183968e+01, 4.38356171e+01, 4.22700577e+01,
          3.36594925e+01, 2.58317032e+01, 2.50489235e+01, 1.33072405e+01,
          2.50489235e+01, 2.66144810e+01, 2.34833660e+01, 2.66144810e+01,
          2.34833660e+01, 1.64383564e+01, 2.19178085e+01, 2.19178085e+01,
          1.80039139e+01, 2.50489235e+01, 1.72211342e+01, 2.19178085e+01,
          1.01761255e+01, 1.33072405e+01, 1.87866936e+01, 1.48727980e+01,
          2.27005863e+01, 1.87866936e+01, 1.56555767e+01, 1.64383564e+01,
          1.01761255e+01, 1.25244617e+01, 1.40900192e+01, 1.40900192e+01,
          1.48727980e+01, 1.48727980e+01, 7.82778835e+00, 1.80039139e+01,
          7.82778835e+00, 7.82778835e+00, 1.56555767e+01, 1.56555767e+01,
          1.72211342e+01, 1.64383564e+01, 8.61056709e+00, 6.26223087e+00,
          1.01761255e+01, 1.33072405e+01, 8.61056709e+00, 9.39334679e+00,
          1.25244617e+01, 4.69667339e+00, 9.39334679e+00, 5.47945213e+00,
          7.04500961e+00, 1.56555767e+01, 1.01761255e+01, 5.47945213e+00,
          7.04500961e+00, 8.61056709e+00, 8.61056709e+00, 1.17416830e+01,
          1.25244617e+01, 8.61056709e+00, 1.40900192e+01, 1.40900192e+01,
          1.17416830e+01, 1.17416830e+01, 8.61056709e+00, 1.25244617e+01,
          1.09589043e+01, 8.61056709e+00, 6.26223087e+00, 6.26223087e+00,
          8.61056709e+00, 1.09589043e+01, 1.72211342e+01, 9.39334679e+00,
          9.39334679e+00, 1.33072405e+01, 1.01761255e+01, 8.61056709e+00,
          8.61056709e+00, 4.69667339e+00, 7.82778835e+00, 4.69667339e+00,
          4.69667339e+00, 6.26223087e+00, 1.56555772e+00, 4.69667339e+00,
          7.04500961e+00, 5.47945213e+00, 9.39334679e+00, 8.61056709e+00,
          7.04500961e+00, 5.47945213e+00, 6.26223087e+00, 7.04500961e+00,
          2.34833670e+00, 1.17416830e+01, 2.34833670e+00, 4.69667339e+00,
          4.69667339e+00, 5.47945213e+00, 7.82778859e-01, 3.13111544e+00,
          7.04500961e+00, 3.91389418e+00, 2.34833670e+00, 4.69667339e+00,
          7.82778835e+00, 3.91389418e+00, 3.13111544e+00, 5.47945213e+00,
          7.82778859e-01, 1.56555772e+00, 7.82778859e-01, 0., 0.,
          7.82778859e-01, 7.82778859e-01, 2.34833670e+00, 2.34833670e+00,
          1.56555772e+00, 7.82778859e-01, 0., 0., 7.82778859e-01,
          7.82778859e-01, 7.82778859e-01, 7.82778859e-01, 2.34833670e+00,
          7.82778859e-01, 0., 0., 1.56555772e+00, 0., 1.56555772e+00,
          7.82778859e-01, 0., 3.13111544e+00, 1.56555772e+00,
          7.82778859e-01, 0., 7.82778859e-01, 1.56555772e+00,
          7.82778859e-01, 7.82778859e-01, 7.82778859e-01, 7.82778859e-01,
          1.56555772e+00, 2.34833670e+00, 0., 2.34833670e+00, 0., 0.,
          1.56555772e+00, 0., 7.82778859e-01, 0., 7.82778859e-01, 0.,
          1.56555772e+00, 1.56555772e+00, 0., 7.82778859e-01, 0.,
          1.56555772e+00, 7.82778859e-01, 0., 0., 7.82778859e-01,
          1.56555772e+00, 2.34833670e+00, 1.56555772e+00, 1.56555772e+00,
          7.82778859e-01, 7.82778859e-01, 0., 2.34833670e+00,
          7.82778859e-01, 0., 0., 1.56555772e+00, 7.82778859e-01, 0.,
          1.56555772e+00, 1.56555772e+00, 0., 0., 0., 0., 0., 0., 0., 0.,
          0., 0., 0., 0., 0., 0., 7.82778859e-01, 0., 0., 0.,
          1.56555772e+00, 0., 0., 0., 0., 0., 7.82778859e-01,
          7.82778859e-01, 0., 0., 0., 0., 0., 0., 0., 0. ]
   - !!opencv-matrix
      rows: 256
      cols: 1
      dt: f
      data: [ 4.82213440e+01, 1.02766800e+01, 1.50197620e+01,
          9.48616600e+00, 2.29249001e+01, 3.47826080e+01, 4.42687721e+01,
          6.08695641e+01, 1.24110672e+02, 9.48616562e+01, 3.10671936e+02,
          2.88537537e+02, 2.83003937e+02, 3.99209473e+02, 400.,
          3.79446625e+02, 1.64426880e+02, 3.14624512e+02, 3.51778656e+02,
          2.03162048e+02, 1.77865601e+02, 9.16996002e+01, 1.30434784e+02,
          8.93280640e+01, 8.37944641e+01, 6.95652161e+01, 5.77075081e+01,
          5.53359680e+01, 2.37154140e+01, 4.34782600e+01, 3.16205521e+01,
          3.39920921e+01, 3.71541481e+01, 4.11067200e+01, 2.13438721e+01,
          1.97628460e+01, 2.84584980e+01, 3.63636360e+01, 3.16205521e+01,
          3.32015800e+01, 2.37154140e+01, 3.00395241e+01, 2.21343861e+01,
          3.16205521e+01, 2.29249001e+01, 1.81818180e+01, 2.84584980e+01,
          1.81818180e+01, 1.58102760e+01, 1.10671930e+01, 1.42292490e+01,
          1.58102760e+01, 1.58102760e+01, 1.58102760e+01, 1.73913040e+01,
          2.05533600e+01, 2.37154140e+01, 1.66007900e+01, 1.10671930e+01,
          1.89723320e+01, 1.58102760e+01, 1.58102760e+01, 1.26482210e+01,
          1.42292490e+01, 2.84584980e+01, 1.58102760e+01, 6.32411051e+00,
          1.34387350e+01, 1.26482210e+01, 1.34387350e+01, 1.02766800e+01,
          7.90513802e+00, 7.90513802e+00, 1.18577070e+01, 6.32411051e+00,
          1.26482210e+01, 5.53359652e+00, 4.74308300e+00, 7.11462450e+00,
          1.10671930e+01, 3.95256901e+00, 6.32411051e+00, 8.69565201e+00,
          3.16205525e+00, 1.58102763e+00, 7.11462450e+00, 5.53359652e+00,
          1.58102763e+00, 6.32411051e+00, 3.16205525e+00, 5.53359652e+00,
          3.16205525e+00, 2.37154150e+00, 7.11462450e+00, 4.74308300e+00,
          3.95256901e+00, 6.32411051e+00, 6.32411051e+00, 4.74308300e+00,
          3.16205525e+00, 3.95256901e+00, 6.32411051e+00, 2.37154150e+00,
          3.95256901e+00, 1.58102763e+00, 7.90513813e-01, 4.74308300e+00,
          7.90513813e-01, 7.90513802e+00, 4.74308300e+00, 4.74308300e+00,
          7.90513813e-01, 3.95256901e+00, 1.58102763e+00, 3.16205525e+00,
          0., 7.11462450e+00, 2.37154150e+00, 1.58102763e+00,
          5.53359652e+00, 0., 3.95256901e+00, 2.37154150e+00,
          1.58102763e+00, 1.58102763e+00, 1.58102763e+00, 7.90513813e-01,
          1.58102763e+00, 0., 3.95256901e+00, 7.90513813e-01, 0.,
          8.69565201e+00, 0., 7.90513813e-01, 7.90513813e-01,
          3.95256901e+00, 2.37154150e+00, 0., 0., 7.90513813e-01,
          7.90513813e-01, 0., 2.37154150e+00, 1.58102763e+00,
          7.90513813e-01, 0., 0., 2.37154150e+00, 0., 7.90513813e-01,
          7.90513813e-01, 7.90513813e-01, 1.58102763e+00, 7.90513813e-01,
          7.90513813e-01, 1.58102763e+00, 1.58102763e+00, 1.58102763e+00,
          2.37154150e+00, 3.95256901e+00, 0., 3.16205525e+00,
          7.90513813e-01, 7.90513813e-01, 0., 1.58102763e+00, 0.,
          1.58102763e+00, 1.58102763e+00, 2.37154150e+00, 0., 0.,
          2.37154150e+00, 0., 1.58102763e+00, 7.90513813e-01,
          1.58102763e+00, 7.90513813e-01, 0., 0., 1.58102763e+00,
          3.16205525e+00, 7.90513813e-01, 7.90513813e-01, 0., 0., 0., 0.,
          0., 2.37154150e+00, 1.58102763e+00, 0., 0., 0., 0.,
          7.90513813e-01, 0., 0., 0., 0., 0., 0., 1.58102763e+00, 0., 0.,
          0., 0., 7.90513813e-01, 7.90513813e-01, 7.90513813e-01, 0., 0.,
          0., 0., 0., 0., 0., 0., 0., 0., 0., 0., 0., 0., 0., 0., 0., 0.,
          0., 0., 0., 0., 0., 0., 0., 0., 0., 0., 0., 0., 0., 0., 0., 0.,
          0., 0., 0., 0., 0., 0., 0., 0., 0., 0., 0. ]
