%YAML:1.0
---
CM0:
   - !!opencv-matrix
      rows: 256
      cols: 1
      dt: f
      data: [ 0., 0., 0., 0., 0., 0., 0., 0., 0., 0., 0., 0., 0., 0., 0.,
          0., 6.26959264e-01, 1.25391853e+00, 2.50783706e+00,
          1.31661444e+01, 2.69592476e+01, 9.46708527e+01, 1.37931046e+02,
          1.49843262e+02, 2.19435745e+02, 2.70219452e+02, 3.22257050e+02,
          2.06896561e+02, 400., 1.39184952e+02, 3.97492188e+02,
          2.14420074e+02, 2.28213165e+02, 2.06269592e+02, 1.84326019e+02,
          1.48589340e+02, 1.00313484e+02, 1.51097183e+02, 3.13479633e+01,
          1.27272728e+02, 9.78056488e+01, 9.02821350e+01, 7.46081543e+01,
          5.76802521e+01, 6.83385620e+01, 1.75548592e+01, 7.39811935e+01,
          7.64890289e+01, 6.14420090e+01, 5.83072128e+01, 4.13793106e+01,
          4.89028244e+01, 1.69279003e+01, 4.63949852e+01, 4.07523537e+01,
          2.00626965e+01, 1.81818180e+01, 1.25391855e+01, 1.50470219e+01,
          1.19122257e+01, 1.88087788e+01, 1.88087788e+01, 1.31661444e+01,
          1.31661444e+01, 1.56739817e+01, 1.31661444e+01, 1.69279003e+01,
          1.19122257e+01, 1.44200630e+01, 1.25391855e+01, 1.37931042e+01,
          1.19122257e+01, 8.15047073e+00, 7.52351093e+00, 6.26959276e+00,
          8.15047073e+00, 1.12852669e+01, 1.12852669e+01, 9.40438938e+00,
          1.25391855e+01, 5.64263344e+00, 6.26959276e+00, 9.40438938e+00,
          8.77742958e+00, 1.63009415e+01, 1.31661444e+01, 1.31661444e+01,
          5.01567411e+00, 6.26959276e+00, 1.19122257e+01, 6.26959276e+00,
          5.64263344e+00, 6.26959276e+00, 8.77742958e+00, 5.64263344e+00,
          3.76175547e+00, 2.50783706e+00, 8.77742958e+00, 6.89655209e+00,
          1.00313482e+01, 5.01567411e+00, 7.52351093e+00, 1.88087773e+00,
          1.25391855e+01, 1.00313482e+01, 1.44200630e+01, 6.26959276e+00,
          8.77742958e+00, 1.44200630e+01, 5.64263344e+00, 8.77742958e+00,
          3.76175547e+00, 5.64263344e+00, 8.77742958e+00, 6.26959276e+00,
          4.38871479e+00, 6.26959276e+00, 6.26959276e+00, 3.76175547e+00,
          9.40438938e+00, 4.38871479e+00, 1.00313482e+01, 6.26959276e+00,
          4.38871479e+00, 6.89655209e+00, 2.50783706e+00, 1.25391855e+01,
          5.64263344e+00, 1.50470219e+01, 7.52351093e+00, 5.64263344e+00,
          1.44200630e+01, 6.26959276e+00, 3.76175547e+00, 5.64263344e+00,
          3.13479638e+00, 3.76175547e+00, 3.13479638e+00, 6.26959264e-01,
          1.25391853e+00, 2.50783706e+00, 1.25391853e+00, 1.88087773e+00,
          1.25391853e+00, 1.25391853e+00, 0., 6.26959264e-01, 0., 0.,
          2.50783706e+00, 1.88087773e+00, 0., 2.50783706e+00,
          6.26959264e-01, 1.88087773e+00, 0., 1.88087773e+00, 0.,
          6.26959264e-01, 0., 0., 6.26959264e-01, 1.25391853e+00,
          1.88087773e+00, 6.26959264e-01, 0., 6.26959264e-01,
          1.88087773e+00, 1.88087773e+00, 0., 1.25391853e+00, 0., 0., 0.,
          0., 1.88087773e+00, 1.25391853e+00, 6.26959264e-01, 0.,
          1.25391853e+00, 0., 0., 1.25391853e+00, 0., 6.26959264e-01,
          6.26959264e-01, 0., 6.26959264e-01, 0., 0., 6.26959264e-01,
          6.26959264e-01, 1.25391853e+00, 0., 1.25391853e+00,
          1.88087773e+00, 6.26959264e-01, 6.26959264e-01, 1.25391853e+00,
          6.26959264e-01, 0., 1.88087773e+00, 1.25391853e+00,
          6.26959264e-01, 0., 0., 0., 0., 0., 0., 0., 6.26959264e-01,
          6.26959264e-01, 6.26959264e-01, 6.26959264e-01, 0., 0., 0.,
          6.26959264e-01, 0., 0., 0., 6.26959264e-01, 6.26959264e-01,
          1.25391853e+00, 0., 0., 0., 6.26959264e-01, 0., 0., 0., 0., 0.,
          1.25391853e+00, 6.26959264e-01, 6.26959264e-01, 0., 0.,
          6.26959264e-01, 6.26959264e-01, 0., 0., 6.26959264e-01, 0.,
          6.26959264e-01, 0., 0., 0., 1.25391853e+00, 0., 0., 0., 0., 0.,
          6.26959264e-01 ]
   - !!opencv-matrix
      rows: 256
      cols: 1
      dt: f
      data: [ 0., 0., 0., 0., 0., 0., 0., 6.00600600e-01, 0.,
          6.00600600e-01, 0., 1.20120120e+00, 2.40240240e+00,
          6.00600624e+00, 1.02102098e+01, 5.52552567e+01, 1.30930923e+02,
          2.07807800e+02, 2.74474487e+02, 3.47747742e+02, 400.,
          2.70270264e+02, 1.98198196e+02, 3.55555542e+02, 2.72072083e+02,
          1.95795792e+02, 1.78378372e+02, 1.53153152e+02, 1.60960968e+02,
          1.26126129e+02, 6.24624634e+01, 1.15315315e+02, 1.02702705e+02,
          9.36936951e+01, 6.54654617e+01, 6.42642670e+01, 6.12612610e+01,
          2.94294300e+01, 6.30630646e+01, 6.42642670e+01, 4.86486473e+01,
          5.10510521e+01, 4.62462463e+01, 4.86486473e+01, 3.30330315e+01,
          2.16216221e+01, 4.02402420e+01, 2.88288288e+01, 1.50150146e+01,
          1.32132130e+01, 1.50150146e+01, 1.14114113e+01, 1.08108110e+01,
          1.74174175e+01, 1.62162170e+01, 1.80180187e+01, 1.08108110e+01,
          1.32132130e+01, 1.44144144e+01, 6.60660648e+00, 1.38138142e+01,
          1.08108110e+01, 1.14114113e+01, 1.26126127e+01, 9.00900936e+00,
          1.44144144e+01, 9.60960960e+00, 8.40840816e+00, 1.86186180e+01,
          9.00900936e+00, 7.80780792e+00, 9.60960960e+00, 9.00900936e+00,
          2.40240240e+00, 7.20720720e+00, 8.40840816e+00, 9.60960960e+00,
          1.44144144e+01, 7.20720720e+00, 9.60960960e+00, 9.00900936e+00,
          7.80780792e+00, 8.40840816e+00, 6.60660648e+00, 1.26126127e+01,
          8.40840816e+00, 4.80480480e+00, 6.60660648e+00, 1.08108110e+01,
          1.32132130e+01, 4.80480480e+00, 6.60660648e+00, 4.80480480e+00,
          7.80780792e+00, 6.60660648e+00, 6.00600624e+00, 8.40840816e+00,
          2.40240240e+00, 7.20720720e+00, 7.20720720e+00, 7.80780792e+00,
          7.80780792e+00, 7.80780792e+00, 3.00300312e+00, 7.80780792e+00,
          5.40540552e+00, 8.40840816e+00, 7.20720720e+00, 6.00600624e+00,
          6.60660648e+00, 1.02102098e+01, 6.00600624e+00, 4.20420408e+00,
          6.00600624e+00, 9.60960960e+00, 3.60360360e+00, 5.40540552e+00,
          7.80780792e+00, 6.60660648e+00, 3.00300312e+00, 3.00300312e+00,
          7.20720720e+00, 7.20720720e+00, 3.60360360e+00, 4.20420408e+00,
          6.60660648e+00, 1.80180180e+00, 4.80480480e+00, 4.80480480e+00,
          5.40540552e+00, 4.80480480e+00, 4.80480480e+00, 3.00300312e+00,
          4.20420408e+00, 7.80780792e+00, 7.80780792e+00, 7.20720720e+00,
          5.40540552e+00, 7.20720720e+00, 4.80480480e+00, 1.02102098e+01,
          8.40840816e+00, 6.00600624e+00, 1.20120120e+00, 4.20420408e+00,
          5.40540552e+00, 5.40540552e+00, 1.20120120e+00, 3.00300312e+00,
          2.40240240e+00, 6.00600600e-01, 6.00600600e-01, 1.80180180e+00,
          1.20120120e+00, 6.00600600e-01, 6.00600600e-01, 4.20420408e+00,
          2.40240240e+00, 1.20120120e+00, 0., 0., 1.20120120e+00, 0.,
          6.00600600e-01, 6.00600600e-01, 0., 6.00600600e-01, 0.,
          6.00600600e-01, 1.20120120e+00, 1.20120120e+00, 1.80180180e+00,
          1.20120120e+00, 6.00600600e-01, 1.20120120e+00, 6.00600600e-01,
          0., 0., 6.00600600e-01, 0., 6.00600600e-01, 6.00600600e-01,
          6.00600600e-01, 6.00600600e-01, 1.80180180e+00, 6.00600600e-01,
          0., 1.80180180e+00, 0., 1.20120120e+00, 0., 1.20120120e+00, 0.,
          0., 6.00600600e-01, 0., 1.80180180e+00, 1.20120120e+00,
          6.00600600e-01, 0., 0., 0., 6.00600600e-01, 6.00600600e-01, 0.,
          0., 6.00600600e-01, 6.00600600e-01, 0., 6.00600600e-01, 0.,
          6.00600600e-01, 6.00600600e-01, 6.00600600e-01, 0.,
          6.00600600e-01, 0., 0., 0., 0., 0., 0., 0., 0., 6.00600600e-01,
          1.80180180e+00, 0., 6.00600600e-01, 6.00600600e-01,
          6.00600600e-01, 0., 6.00600600e-01, 6.00600600e-01, 0., 0., 0.,
          0., 0., 6.00600600e-01, 0., 0., 0., 0., 6.00600600e-01, 0., 0.,
          6.00600600e-01, 1.20120120e+00, 0., 0., 0., 0., 0.,
          6.00600600e-01, 0., 0. ]
   - !!opencv-matrix
      rows: 256
      cols: 1
      dt: f
      data: [ 1.81243401e+01, 2.10748148e+00, 2.95047402e+00,
          5.05795574e+00, 5.47945213e+00, 1.68598518e+01, 1.64383564e+01,
          1.60168591e+01, 4.21496315e+01, 8.76712341e+01, 1.62697571e+02,
          2.22550049e+02, 2.52897781e+02, 2.61749207e+02, 1.89251846e+02,
          400., 2.03161224e+02, 2.00210739e+02, 1.54689148e+02,
          1.31928345e+02, 8.76712341e+01, 8.00842972e+01, 7.79768143e+01,
          5.81664886e+01, 5.94309769e+01, 3.70916748e+01, 5.98524742e+01,
          2.99262371e+01, 4.80505791e+01, 4.59430962e+01, 2.82402515e+01,
          4.17281342e+01, 2.82402515e+01, 2.86617489e+01, 1.72813492e+01,
          1.39093781e+01, 1.34878817e+01, 1.34878817e+01, 1.01159115e+01,
          1.43308744e+01, 6.74394083e+00, 9.27291870e+00, 1.47523708e+01,
          1.13803997e+01, 1.30663853e+01, 9.69441509e+00, 1.13803997e+01,
          1.13803997e+01, 1.18018961e+01, 1.01159115e+01, 1.13803997e+01,
          8.85142231e+00, 9.27291870e+00, 1.13803997e+01, 1.26448889e+01,
          1.26448889e+01, 9.27291870e+00, 1.51738672e+01, 2.06533184e+01,
          1.30663853e+01, 1.05374079e+01, 1.51738672e+01, 9.69441509e+00,
          5.90094805e+00, 9.69441509e+00, 8.85142231e+00, 6.32244444e+00,
          7.58693361e+00, 8.00842953e+00, 4.21496296e+00, 5.90094805e+00,
          7.16543722e+00, 6.74394083e+00, 4.21496296e+00, 6.32244444e+00,
          5.47945213e+00, 3.37197042e+00, 4.63645935e+00, 3.37197042e+00,
          3.37197042e+00, 8.42992604e-01, 3.37197042e+00, 5.90094805e+00,
          4.63645935e+00, 8.42992604e-01, 5.05795574e+00, 2.10748148e+00,
          2.52897787e+00, 2.10748148e+00, 2.95047402e+00, 2.52897787e+00,
          2.52897787e+00, 3.79346681e+00, 1.68598521e+00, 2.52897787e+00,
          1.26448894e+00, 1.68598521e+00, 5.90094805e+00, 4.21496302e-01,
          3.37197042e+00, 1.26448894e+00, 1.68598521e+00, 8.42992604e-01,
          1.26448894e+00, 2.95047402e+00, 8.42992604e-01, 1.68598521e+00,
          8.42992604e-01, 1.68598521e+00, 0., 2.52897787e+00,
          1.68598521e+00, 4.21496302e-01, 0., 8.42992604e-01,
          2.10748148e+00, 0., 8.42992604e-01, 2.95047402e+00,
          4.21496302e-01, 8.42992604e-01, 8.42992604e-01, 4.21496302e-01,
          2.52897787e+00, 8.42992604e-01, 8.42992604e-01, 0.,
          8.42992604e-01, 1.26448894e+00, 0., 8.42992604e-01,
          8.42992604e-01, 8.42992604e-01, 0., 1.26448894e+00,
          4.21496302e-01, 0., 1.26448894e+00, 8.42992604e-01, 0.,
          4.21496302e-01, 0., 1.26448894e+00, 2.52897787e+00,
          4.21496302e-01, 8.42992604e-01, 4.21496302e-01, 1.68598521e+00,
          0., 0., 8.42992604e-01, 0., 8.42992604e-01, 4.21496302e-01,
          8.42992604e-01, 0., 0., 1.26448894e+00, 4.21496302e-01,
          1.26448894e+00, 0., 0., 0., 8.42992604e-01, 0., 4.21496302e-01,
          4.21496302e-01, 8.42992604e-01, 0., 0., 0., 8.42992604e-01, 0.,
          4.21496302e-01, 0., 0., 4.21496302e-01, 0., 4.21496302e-01, 0.,
          0., 0., 0., 4.21496302e-01, 0., 0., 0., 4.21496302e-01,
          4.21496302e-01, 0., 0., 4.21496302e-01, 4.21496302e-01,
          4.21496302e-01, 0., 4.21496302e-01, 0., 8.42992604e-01, 0., 0.,
          0., 4.21496302e-01, 0., 0., 0., 0., 0., 4.21496302e-01,
          4.21496302e-01, 4.21496302e-01, 0., 0., 0., 0., 0., 0., 0., 0.,
          8.42992604e-01, 0., 0., 4.21496302e-01, 0., 0., 0., 0., 0., 0.,
          4.21496302e-01, 0., 0., 0., 0., 0., 0., 0., 0., 0., 0., 0., 0.,
          0., 0., 0., 0., 0., 0., 0., 0., 0., 0., 0., 0., 0., 0., 0. ]
CM1:
   - !!opencv-matrix
      rows: 256
      cols: 1
      dt: f
      data: [ 0., 0., 0., 0., 0., 0., 0., 0., 0., 0., 0., 0., 0., 0., 0.,
          0., 0., 0., 0., 1.98019803e+00, 1.98019803e+00, 0., 0.,
          1.98019803e+00, 1.98019803e+00, 9.90099049e+00, 1.98019810e+01,
          1.98019810e+01, 3.96039619e+01, 6.13861389e+01, 6.13861389e+01,
          5.34653473e+01, 5.94059410e+01, 5.54455452e+01, 1.78217831e+01,
          2.37623768e+01, 2.17821789e+01, 4.35643578e+01, 3.76237640e+01,
          4.15841599e+01, 4.95049515e+01, 3.96039605e+00, 3.56435661e+01,
          4.55445557e+01, 8.51485138e+01, 6.73267365e+01, 9.50495071e+01,
          1.02970299e+02, 7.72277222e+01, 1.04950493e+02, 9.30693054e+01,
          1.52475250e+02, 1.80198013e+02, 2.05940598e+02, 1.56435638e+02,
          1.48514847e+02, 2.05940598e+02, 1.72277222e+02, 2.05940598e+02,
          1.80198013e+02, 1.62376236e+02, 1.98019806e+02, 1.28712875e+02,
          1.88118805e+02, 2.29702972e+02, 2.51485153e+02, 2.57425751e+02,
          2.11881195e+02, 2.33663361e+02, 1.50495056e+02, 400.,
          2.95049500e+02, 2.53465347e+02, 3.22772278e+02, 3.00990112e+02,
          2.31683167e+02, 1.52475250e+02, 2.97029694e+02, 3.38613861e+02,
          3.38613861e+02, 3.00990112e+02, 2.79207916e+02, 1.66336639e+02,
          7.92079239e+01, 1.76237625e+02, 1.46534653e+02, 1.30693069e+02,
          1.22772278e+02, 1.12871284e+02, 1.34653473e+02, 4.75247536e+01,
          1.50495056e+02, 9.30693054e+01, 8.71287155e+01, 9.90099030e+01,
          9.30693054e+01, 9.70297012e+01, 8.11881180e+01, 6.33663368e+01,
          8.71287155e+01, 6.33663368e+01, 9.90099030e+01, 4.75247536e+01,
          7.72277222e+01, 6.13861389e+01, 8.11881180e+01, 8.51485138e+01,
          6.73267365e+01, 7.92079239e+01, 4.75247536e+01, 2.97029705e+01,
          3.96039619e+01, 2.97029705e+01, 2.77227726e+01, 3.36633682e+01,
          2.77227726e+01, 1.78217831e+01, 2.77227726e+01, 1.58415842e+01,
          2.17821789e+01, 2.17821789e+01, 1.38613863e+01, 7.92079210e+00,
          9.90099049e+00, 1.78217831e+01, 1.78217831e+01, 1.18811884e+01,
          3.96039605e+00, 9.90099049e+00, 5.94059420e+00, 3.96039605e+00,
          9.90099049e+00, 1.98019803e+00, 5.94059420e+00, 7.92079210e+00,
          1.38613863e+01, 3.96039605e+00, 9.90099049e+00, 5.94059420e+00,
          5.94059420e+00, 9.90099049e+00, 1.38613863e+01, 3.96039605e+00,
          3.96039605e+00, 1.98019803e+00, 7.92079210e+00, 3.96039605e+00,
          7.92079210e+00, 3.96039605e+00, 3.96039605e+00, 1.98019803e+00,
          1.98019803e+00, 1.98019803e+00, 5.94059420e+00, 5.94059420e+00,
          3.96039605e+00, 0., 0., 0., 5.94059420e+00, 1.98019803e+00, 0.,
          1.98019803e+00, 1.98019803e+00, 0., 1.98019803e+00,
          1.98019803e+00, 0., 5.94059420e+00, 0., 0., 0., 1.98019803e+00,
          0., 1.98019803e+00, 0., 0., 0., 0., 0., 0., 0., 0., 0., 0., 0.,
          0., 0., 0., 0., 0., 0., 0., 0., 0., 0., 0., 0., 0., 0., 0., 0.,
          0., 0., 0., 0., 0., 0., 0., 0., 0., 0., 0., 0., 0., 0., 0., 0.,
          0., 0., 0., 0., 0., 0., 0., 0., 0., 0., 0., 0., 0., 0., 0., 0.,
          0., 0., 0., 0., 0., 0., 0., 0., 0., 0., 0., 0., 0., 0., 0., 0.,
          0., 0., 0., 0., 0., 0. ]
   - !!opencv-matrix
      rows: 256
      cols: 1
      dt: f
      data: [ 0., 0., 0., 0., 0., 0., 0., 0., 0., 0., 0., 0., 0., 0., 0.,
          2.01005030e+00, 0., 0., 6.03015089e+00, 4.02010059e+00,
          3.01507549e+01, 3.61809044e+01, 2.61306534e+01, 3.61809044e+01,
          5.02512589e+01, 4.42211075e+01, 5.62814102e+01, 3.01507549e+01,
          2.81407051e+01, 2.61306534e+01, 4.02010040e+01, 1.00502510e+01,
          3.21608047e+01, 4.42211075e+01, 2.01005020e+01, 4.02010040e+01,
          1.80904522e+01, 6.43216095e+01, 4.22110558e+01, 6.43216095e+01,
          5.82914581e+01, 8.04020081e+01, 9.44723663e+01, 9.04522629e+01,
          1.16582916e+02, 1.02512566e+02, 1.36683426e+02, 1.80904526e+02,
          1.74874374e+02, 2.15075378e+02, 2.31155777e+02, 1.92964828e+02,
          1.48743729e+02, 1.82914581e+02, 2.71356781e+02, 1.18592964e+02,
          1.86934677e+02, 2.41206039e+02, 2.07035187e+02, 2.55276382e+02,
          2.31155777e+02, 2.63316589e+02, 1.44723618e+02, 400.,
          3.07537689e+02, 2.03015076e+02, 2.99497498e+02, 3.37688446e+02,
          2.51256287e+02, 2.03015076e+02, 3.31658295e+02, 3.43718597e+02,
          3.57788940e+02, 3.21608032e+02, 2.69346741e+02, 1.12562820e+02,
          1.54773880e+02, 1.66834167e+02, 1.60804016e+02, 1.84924622e+02,
          1.18592964e+02, 1.76884430e+02, 6.23115578e+01, 9.64824142e+01,
          1.34673370e+02, 1.14572868e+02, 9.84924622e+01, 1.12562820e+02,
          9.84924622e+01, 9.44723663e+01, 4.42211075e+01, 6.43216095e+01,
          6.83417130e+01, 9.64824142e+01, 7.23618088e+01, 6.63316574e+01,
          9.64824142e+01, 3.61809044e+01, 5.62814102e+01, 4.62311554e+01,
          4.22110558e+01, 4.02010040e+01, 4.62311554e+01, 5.02512589e+01,
          5.02512589e+01, 1.80904522e+01, 5.42713585e+01, 5.42713585e+01,
          3.01507549e+01, 2.61306534e+01, 2.81407051e+01, 3.81909561e+01,
          2.01005020e+01, 3.61809044e+01, 2.21105537e+01, 3.21608047e+01,
          4.02010040e+01, 2.61306534e+01, 2.81407051e+01, 2.61306534e+01,
          3.21608047e+01, 2.61306534e+01, 1.80904522e+01, 2.21105537e+01,
          1.60804024e+01, 1.80904522e+01, 2.21105537e+01, 1.00502510e+01,
          1.20603018e+01, 2.01005020e+01, 1.40703526e+01, 6.03015089e+00,
          4.02010059e+00, 6.03015089e+00, 4.02010059e+00, 8.04020119e+00,
          1.40703526e+01, 6.03015089e+00, 8.04020119e+00, 8.04020119e+00,
          8.04020119e+00, 0., 0., 0., 8.04020119e+00, 2.01005030e+00,
          2.01005030e+00, 2.01005030e+00, 0., 2.01005030e+00,
          2.01005030e+00, 4.02010059e+00, 0., 4.02010059e+00,
          2.01005030e+00, 2.01005030e+00, 0., 2.01005030e+00,
          2.01005030e+00, 4.02010059e+00, 2.01005030e+00, 0., 0., 0., 0.,
          0., 6.03015089e+00, 2.01005030e+00, 0., 0., 0., 0., 0., 0.,
          2.01005030e+00, 4.02010059e+00, 0., 2.01005030e+00,
          2.01005030e+00, 0., 0., 0., 0., 0., 0., 0., 0., 0., 0., 0., 0.,
          0., 0., 0., 0., 0., 0., 0., 0., 0., 0., 0., 0., 0., 0., 0., 0.,
          0., 0., 0., 0., 0., 0., 0., 0., 0., 0., 0., 0., 0., 0., 0., 0.,
          0., 0., 0., 0., 0., 0., 0., 0., 0., 0., 0., 0., 0., 0., 0., 0.,
          0., 0., 0., 0., 0., 0., 0., 0., 0., 0., 0., 0., 0., 0., 0., 0.,
          0. ]
   - !!opencv-matrix
      rows: 256
      cols: 1
      dt: f
      data: [ 0., 0., 0., 2.17391300e+00, 2.17391300e+00, 1.30434780e+01,
          4.34782600e+00, 4.34782600e+00, 2.17391300e+00, 8.69565201e+00,
          1.08695650e+01, 6.52173901e+00, 1.95652161e+01, 2.82608681e+01,
          2.17391300e+01, 3.69565201e+01, 3.69565201e+01, 3.04347820e+01,
          5.86956520e+01, 5.21739120e+01, 1.19565216e+02, 1.19565216e+02,
          9.13043442e+01, 8.04347839e+01, 8.47826080e+01, 1.06521736e+02,
          9.34782562e+01, 8.69565201e+01, 1.17391304e+02, 1.02173912e+02,
          1.13043472e+02, 1.71739120e+02, 2.04347824e+02, 2.54347824e+02,
          2.06521729e+02, 250., 2.02173904e+02, 1.78260864e+02,
          2.36956512e+02, 2.17391296e+02, 1.69565216e+02, 1.43478256e+02,
          1.34782608e+02, 1.43478256e+02, 1.63043472e+02, 200.,
          1.47826080e+02, 1.15217392e+02, 1.52173904e+02, 1.71739120e+02,
          1.58695648e+02, 2.08695648e+02, 1.52173904e+02, 1.80434784e+02,
          1.76086960e+02, 2.10869568e+02, 2.45652176e+02, 2.60869568e+02,
          1.76086960e+02, 6.73913040e+01, 400., 2.26086945e+02,
          2.06521729e+02, 2.21739120e+02, 3.02173920e+02, 2.02173904e+02,
          1.28260864e+02, 2.41304337e+02, 150., 2.41304337e+02,
          2.26086945e+02, 2.60869568e+02, 2.23913040e+02, 2.13043472e+02,
          1.60869568e+02, 6.95652161e+01, 1.73913040e+02, 1.08695648e+02,
          1.43478256e+02, 1.54347824e+02, 1.04347824e+02, 1.19565216e+02,
          50., 9.13043442e+01, 9.34782562e+01, 6.30434761e+01,
          9.78260880e+01, 7.82608643e+01, 8.26086960e+01, 6.73913040e+01,
          4.78260880e+01, 7.60869522e+01, 3.91304321e+01, 7.82608643e+01,
          5.86956520e+01, 6.73913040e+01, 8.04347839e+01, 4.78260880e+01,
          8.69565201e+01, 3.69565201e+01, 3.04347820e+01, 5.65217361e+01,
          1.95652161e+01, 2.82608681e+01, 1.08695650e+01, 2.82608681e+01,
          3.04347820e+01, 2.82608681e+01, 2.39130440e+01, 6.52173901e+00,
          1.95652161e+01, 1.52173910e+01, 1.30434780e+01, 2.17391300e+01,
          1.95652161e+01, 1.08695650e+01, 6.52173901e+00, 8.69565201e+00,
          4.34782600e+00, 8.69565201e+00, 1.30434780e+01, 1.95652161e+01,
          8.69565201e+00, 1.52173910e+01, 1.08695650e+01, 6.52173901e+00,
          8.69565201e+00, 1.52173910e+01, 4.34782600e+00, 4.34782600e+00,
          1.08695650e+01, 1.30434780e+01, 4.34782600e+00, 4.34782600e+00,
          1.30434780e+01, 2.17391300e+00, 2.17391300e+00, 4.34782600e+00,
          4.34782600e+00, 2.17391300e+00, 1.08695650e+01, 4.34782600e+00,
          2.17391300e+00, 0., 0., 4.34782600e+00, 0., 0., 0., 0., 0., 0.,
          0., 0., 2.17391300e+00, 0., 0., 0., 0., 0., 0., 0., 0., 0., 0.,
          0., 0., 0., 0., 0., 0., 0., 0., 0., 0., 0., 0., 0., 0., 0., 0.,
          0., 0., 0., 0., 0., 0., 0., 0., 0., 0., 0., 0., 0., 0., 0., 0.,
          0., 0., 0., 0., 0., 0., 0., 0., 0., 0., 0., 0., 0., 0., 0., 0.,
          0., 0., 0., 0., 0., 0., 0., 0., 0., 0., 0., 0., 0., 0., 0., 0.,
          0., 0., 0., 0., 0., 0., 0., 0., 0., 0., 0., 0., 0., 0., 0., 0.,
          0., 0., 0., 0., 0., 0., 0., 0., 0., 0., 0. ]
CM2:
   - !!opencv-matrix
      rows: 256
      cols: 1
      dt: f
      data: [ 0., 0., 0., 0., 0., 0., 0., 0., 0., 0., 0., 0., 0., 0., 0.,
          0., 0., 0., 0., 0., 0., 0., 0., 0., 0., 1.61849709e+01, 0.,
          1.38728333e+01, 2.31213875e+01, 3.00578041e+01, 2.31213880e+00,
          1.15606937e+01, 0., 3.00578041e+01, 1.61849709e+01,
          2.54335270e+01, 2.77456665e+01, 3.46820831e+01, 1.38728333e+01,
          3.93063583e+01, 2.54335270e+01, 2.54335270e+01, 2.31213880e+00,
          1.38728333e+01, 3.93063583e+01, 3.00578041e+01, 4.62427750e+01,
          9.01734161e+01, 7.86127167e+01, 1.36416183e+02, 1.01734108e+02,
          1.78034683e+02, 1.73410416e+02, 1.75722549e+02, 2.19653183e+02,
          2.86705200e+02, 1.84971100e+02, 2.12716766e+02, 2.33526016e+02,
          2.54335266e+02, 2.52023132e+02, 1.66473999e+02, 2.42774567e+02,
          2.54335266e+02, 1.73410416e+02, 2.91329498e+02, 2.26589600e+02,
          2.33526016e+02, 2.03468216e+02, 2.98265900e+02, 2.52023132e+02,
          1.80346832e+02, 2.61271698e+02, 2.38150299e+02, 2.79768799e+02,
          3.02890167e+02, 2.95953766e+02, 2.24277466e+02, 1.91907516e+02,
          3.67630066e+02, 3.07514465e+02, 400., 3.37572266e+02,
          2.86705200e+02, 1.57225433e+02, 1.84971100e+02, 1.91907516e+02,
          1.41040466e+02, 1.68786133e+02, 1.64161850e+02, 1.64161850e+02,
          1.34104050e+02, 1.78034683e+02, 1.68786133e+02, 8.32369995e+01,
          1.04046249e+02, 8.78612747e+01, 1.50289017e+02, 8.78612747e+01,
          6.70520248e+01, 6.93641663e+01, 1.61849716e+02, 7.63005829e+01,
          7.16763000e+01, 6.70520248e+01, 8.78612747e+01, 4.85549164e+01,
          6.24277458e+01, 4.85549164e+01, 6.47398834e+01, 6.01156082e+01,
          2.31213875e+01, 1.61849709e+01, 4.62427750e+01, 5.54913330e+01,
          2.08092499e+01, 1.61849709e+01, 5.54913330e+01, 4.16184998e+01,
          1.84971104e+01, 2.08092499e+01, 3.23699417e+01, 3.93063583e+01,
          4.16184998e+01, 2.31213875e+01, 1.15606937e+01, 4.39306374e+01,
          1.38728333e+01, 1.61849709e+01, 4.16184998e+01, 1.84971104e+01,
          2.77456665e+01, 2.08092499e+01, 2.31213875e+01, 1.61849709e+01,
          2.08092499e+01, 3.46820831e+01, 1.15606937e+01, 4.62427750e+01,
          1.84971104e+01, 4.16184998e+01, 1.84971104e+01, 2.08092499e+01,
          3.23699417e+01, 6.93641663e+00, 2.08092499e+01, 2.31213880e+00,
          1.15606937e+01, 4.62427759e+00, 2.54335270e+01, 2.77456665e+01,
          2.31213880e+00, 9.24855518e+00, 9.24855518e+00, 6.93641663e+00,
          4.62427759e+00, 3.00578041e+01, 1.84971104e+01, 1.15606937e+01,
          9.24855518e+00, 9.24855518e+00, 2.31213880e+00, 1.38728333e+01,
          6.93641663e+00, 2.31213880e+00, 1.15606937e+01, 1.38728333e+01,
          4.62427759e+00, 4.62427759e+00, 1.15606937e+01, 1.84971104e+01,
          1.38728333e+01, 9.24855518e+00, 2.31213875e+01, 4.62427759e+00,
          9.24855518e+00, 6.93641663e+00, 2.31213880e+00, 1.15606937e+01,
          4.62427759e+00, 2.31213875e+01, 0., 2.31213880e+00, 0.,
          6.93641663e+00, 0., 0., 1.15606937e+01, 1.38728333e+01, 0.,
          1.15606937e+01, 6.93641663e+00, 6.93641663e+00, 6.93641663e+00,
          4.62427759e+00, 2.31213880e+00, 2.31213880e+00, 6.93641663e+00,
          2.31213880e+00, 6.93641663e+00, 9.24855518e+00, 1.38728333e+01,
          4.62427759e+00, 6.93641663e+00, 6.93641663e+00, 9.24855518e+00,
          1.61849709e+01, 0., 6.93641663e+00, 6.93641663e+00, 0.,
          2.31213880e+00, 9.24855518e+00, 6.93641663e+00, 2.31213880e+00,
          0., 2.31213880e+00, 2.31213880e+00, 6.93641663e+00, 0., 0.,
          4.62427759e+00, 4.62427759e+00, 0., 6.93641663e+00, 0., 0., 0.,
          0., 2.31213880e+00, 0., 0., 0., 0., 0., 0., 0., 0., 0., 0., 0.,
          0., 0., 0., 0., 0., 0., 0., 0., 0., 0., 0., 0., 0., 0., 0. ]
   - !!opencv-matrix
      rows: 256
      cols: 1
      dt: f
      data: [ 0., 0., 0., 0., 0., 0., 0., 0., 0., 0., 0., 0., 0., 0., 0.,
          0., 0., 0., 0., 0., 0., 0., 5.88235283e+00, 5.88235283e+00,
          1.96078434e+01, 9.80392170e+00, 1.37254906e+01, 1.96078434e+01,
          5.88235283e+00, 2.15686283e+01, 1.96078434e+01, 5.88235283e+00,
          2.54901962e+01, 2.54901962e+01, 2.15686283e+01, 3.92156863e+00,
          2.35294113e+01, 1.56862745e+01, 9.80392170e+00, 2.35294113e+01,
          4.70588226e+01, 7.45098038e+01, 6.07843132e+01, 7.64705887e+01,
          9.60784302e+01, 1.25490196e+02, 9.80392151e+01, 1.68627457e+02,
          1.76470581e+02, 1.74509811e+02, 1.52941177e+02, 1.68627457e+02,
          1.68627457e+02, 2.09803925e+02, 2.15686279e+02, 2.29411758e+02,
          2.45098038e+02, 1.58823532e+02, 2.01960785e+02, 2.50980392e+02,
          2.68627441e+02, 1.96078430e+02, 2.27450974e+02, 2.62745087e+02,
          1.74509811e+02, 1.54901962e+02, 2.21568634e+02, 1.96078430e+02,
          2.13725494e+02, 2.17647064e+02, 2.35294113e+02, 2.66666656e+02,
          1.58823532e+02, 400., 3.29411774e+02, 2.29411758e+02,
          2.09803925e+02, 2.52941177e+02, 1.68627457e+02, 1.15686272e+02,
          1.43137253e+02, 1.80392151e+02, 1.45098038e+02, 1.50980392e+02,
          1.49019608e+02, 7.64705887e+01, 9.41176453e+01, 1.17647057e+02,
          9.80392151e+01, 1.23529411e+02, 1.07843140e+02, 6.66666641e+01,
          8.03921585e+01, 7.64705887e+01, 9.21568604e+01, 7.64705887e+01,
          1.01960785e+02, 4.70588226e+01, 9.21568604e+01, 3.72549019e+01,
          5.49019623e+01, 3.52941170e+01, 3.52941170e+01, 5.68627434e+01,
          3.92156868e+01, 3.92156868e+01, 4.90196075e+01, 2.74509811e+01,
          5.68627434e+01, 3.72549019e+01, 4.31372566e+01, 3.52941170e+01,
          2.94117641e+01, 1.76470585e+01, 2.54901962e+01, 3.92156868e+01,
          3.33333321e+01, 2.35294113e+01, 2.54901962e+01, 3.13725491e+01,
          1.17647057e+01, 2.35294113e+01, 1.17647057e+01, 2.15686283e+01,
          2.35294113e+01, 3.92156868e+01, 3.72549019e+01, 2.54901962e+01,
          1.56862745e+01, 2.35294113e+01, 1.56862745e+01, 1.37254906e+01,
          3.52941170e+01, 9.80392170e+00, 2.35294113e+01, 5.88235283e+00,
          1.96078434e+01, 2.15686283e+01, 3.92156863e+00, 2.94117641e+01,
          7.84313726e+00, 1.37254906e+01, 5.88235283e+00, 3.92156863e+00,
          7.84313726e+00, 1.37254906e+01, 1.17647057e+01, 1.76470585e+01,
          3.92156863e+00, 1.17647057e+01, 7.84313726e+00, 5.88235283e+00,
          5.88235283e+00, 0., 3.92156863e+00, 7.84313726e+00,
          9.80392170e+00, 9.80392170e+00, 9.80392170e+00, 1.76470585e+01,
          1.96078432e+00, 1.96078432e+00, 1.76470585e+01, 7.84313726e+00,
          9.80392170e+00, 1.96078432e+00, 5.88235283e+00, 1.76470585e+01,
          1.17647057e+01, 1.17647057e+01, 0., 7.84313726e+00,
          3.92156863e+00, 5.88235283e+00, 3.92156863e+00, 1.17647057e+01,
          1.17647057e+01, 3.92156863e+00, 5.88235283e+00, 0.,
          5.88235283e+00, 9.80392170e+00, 3.92156863e+00, 7.84313726e+00,
          9.80392170e+00, 1.96078432e+00, 3.92156863e+00, 5.88235283e+00,
          3.92156863e+00, 5.88235283e+00, 0., 3.92156863e+00, 0.,
          1.96078432e+00, 3.92156863e+00, 5.88235283e+00, 1.17647057e+01,
          1.76470585e+01, 3.92156863e+00, 1.96078432e+00, 1.96078432e+00,
          9.80392170e+00, 1.96078432e+00, 9.80392170e+00, 5.88235283e+00,
          1.96078432e+00, 3.92156863e+00, 5.88235283e+00, 1.96078432e+00,
          5.88235283e+00, 0., 1.96078432e+00, 3.92156863e+00, 0.,
          5.88235283e+00, 0., 0., 0., 0., 3.92156863e+00, 5.88235283e+00,
          0., 1.96078432e+00, 0., 1.96078432e+00, 1.96078432e+00, 0., 0.,
          0., 3.92156863e+00, 0., 5.88235283e+00, 0., 0., 0., 0., 0.,
          1.96078432e+00, 0., 0., 0., 0., 0., 0., 0., 0., 0., 0., 0., 0.,
          0., 0., 0., 0., 0., 0. ]
   - !!opencv-matrix
      rows: 256
      cols: 1
      dt: f
      data: [ 0., 0., 0., 0., 0., 0., 1.83006535e+01, 0., 2.61437917e+00,
          7.84313774e+00, 1.30718956e+01, 1.83006535e+01, 2.61437917e+00,
          1.30718956e+01, 0., 2.35294132e+01, 2.09150333e+01,
          2.09150333e+01, 3.13725510e+01, 4.18300667e+01, 6.01307220e+01,
          4.96732025e+01, 6.53594818e+01, 6.79738617e+01, 8.36601334e+01,
          7.58169937e+01, 8.10457535e+01, 8.62745132e+01, 1.20261444e+02,
          1.30718964e+02, 8.88888931e+01, 1.62091507e+02, 2.71895447e+02,
          2.77124207e+02, 2.06535950e+02, 2.71895447e+02, 2.87581696e+02,
          400., 2.40522888e+02, 3.11111115e+02, 3.42483673e+02,
          2.40522888e+02, 2.79738556e+02, 2.79738556e+02, 2.19607849e+02,
          3.08496735e+02, 2.53594772e+02, 2.32679749e+02, 1.64705887e+02,
          3.24183014e+02, 2.30065369e+02, 3.52941193e+02, 2.45751648e+02,
          3.08496735e+02, 2.82352936e+02, 2.14379089e+02, 2.40522888e+02,
          2.64052307e+02, 3.18954254e+02, 2.95424835e+02, 2.84967316e+02,
          3.45098053e+02, 1.69934647e+02, 3.24183014e+02, 3.18954254e+02,
          3.08496735e+02, 3.45098053e+02, 2.22222229e+02, 1.77777786e+02,
          1.25490204e+02, 1.83006546e+02, 1.80392166e+02, 1.69934647e+02,
          1.33333344e+02, 1.77777786e+02, 1.54248367e+02, 8.88888931e+01,
          1.30718964e+02, 1.38562103e+02, 1.01960785e+02, 1.15032684e+02,
          8.88888931e+01, 3.92156868e+01, 8.88888931e+01, 4.70588264e+01,
          6.01307220e+01, 7.58169937e+01, 1.07189545e+02, 8.88888931e+01,
          7.58169937e+01, 5.49019623e+01, 4.18300667e+01, 4.70588264e+01,
          4.18300667e+01, 7.58169937e+01, 6.79738617e+01, 3.66013069e+01,
          5.49019623e+01, 3.39869308e+01, 2.87581711e+01, 2.61437912e+01,
          3.39869308e+01, 3.66013069e+01, 3.92156868e+01, 2.35294132e+01,
          3.92156868e+01, 1.30718956e+01, 2.87581711e+01, 2.09150333e+01,
          1.56862755e+01, 2.09150333e+01, 1.04575167e+01, 3.13725510e+01,
          2.61437912e+01, 2.87581711e+01, 2.09150333e+01, 1.30718956e+01,
          3.92156868e+01, 2.35294132e+01, 1.83006535e+01, 2.87581711e+01,
          1.30718956e+01, 2.09150333e+01, 7.84313774e+00, 4.18300667e+01,
          5.22875834e+00, 1.30718956e+01, 2.35294132e+01, 3.39869308e+01,
          1.04575167e+01, 1.83006535e+01, 7.84313774e+00, 1.83006535e+01,
          5.22875834e+00, 1.04575167e+01, 4.18300667e+01, 2.09150333e+01,
          7.84313774e+00, 2.09150333e+01, 1.04575167e+01, 5.22875834e+00,
          2.61437917e+00, 1.30718956e+01, 1.30718956e+01, 5.22875834e+00,
          5.22875834e+00, 1.30718956e+01, 1.04575167e+01, 2.61437917e+00,
          2.61437912e+01, 1.04575167e+01, 1.30718956e+01, 0.,
          1.83006535e+01, 7.84313774e+00, 5.22875834e+00, 1.56862755e+01,
          1.04575167e+01, 1.56862755e+01, 1.56862755e+01, 1.04575167e+01,
          7.84313774e+00, 2.61437917e+00, 0., 1.04575167e+01, 0.,
          1.04575167e+01, 0., 5.22875834e+00, 0., 5.22875834e+00, 0., 0.,
          0., 7.84313774e+00, 2.61437917e+00, 2.61437917e+00, 0.,
          2.61437917e+00, 0., 5.22875834e+00, 0., 0., 5.22875834e+00, 0.,
          0., 0., 0., 0., 0., 0., 2.61437917e+00, 0., 0., 0., 0., 0., 0.,
          0., 0., 0., 0., 0., 0., 0., 0., 0., 0., 0., 0., 0., 0., 0., 0.,
          0., 0., 0., 0., 0., 0., 0., 0., 0., 0., 0., 0., 0., 0., 0., 0.,
          0., 0., 0., 0., 0., 0., 0., 0., 0., 0., 0., 0., 0., 0., 0., 0.,
          0., 0., 0., 0., 0., 0., 0., 0., 0., 0. ]
CM3:
   - !!opencv-matrix
      rows: 256
      cols: 1
      dt: f
      data: [ 0., 0., 0., 0., 0., 0., 0., 0., 0., 0., 0., 0., 0., 0., 0.,
          0., 0., 0., 0., 5.16129017e+00, 2.58064508e+00, 0.,
          1.54838705e+01, 1.80645161e+01, 2.58064499e+01, 1.29032249e+01,
          1.80645161e+01, 2.58064508e+00, 5.41935463e+01, 3.61290321e+01,
          2.58064499e+01, 3.87096748e+01, 2.58064499e+01, 4.12903214e+01,
          1.54838705e+01, 3.09677410e+01, 2.06451607e+01, 4.64516106e+01,
          2.58064499e+01, 7.74193525e+00, 2.83870964e+01, 2.83870964e+01,
          1.80645161e+01, 4.38709679e+01, 4.38709679e+01, 5.93548355e+01,
          7.74193497e+01, 6.19354820e+01, 1.05806450e+02, 5.41935463e+01,
          1.00645157e+02, 80., 7.48387070e+01, 1.26451607e+02,
          1.18709671e+02, 1.29032257e+02, 1.83225800e+02, 1.44516129e+02,
          2.14193542e+02, 1.88387085e+02, 1.98709671e+02, 240.,
          2.01290314e+02, 2.29677414e+02, 2.06451599e+02, 2.34838699e+02,
          1.90967743e+02, 3.61290314e+02, 3.17419342e+02, 2.09032257e+02,
          2.14193542e+02, 3.12258057e+02, 3.40645142e+02, 2.96774170e+02,
          2.96774170e+02, 3.40645142e+02, 1.90967743e+02, 400.,
          3.30322571e+02, 3.43225800e+02, 3.12258057e+02, 3.07096771e+02,
          3.94838684e+02, 1.75483871e+02, 2.91612885e+02, 2.16774185e+02,
          3.04516113e+02, 320., 2.94193542e+02, 2.47741928e+02,
          1.29032257e+02, 2.76129028e+02, 2.16774185e+02, 2.70967743e+02,
          160., 2.27096771e+02, 2.01290314e+02, 1.78064514e+02,
          6.70967712e+01, 1.62580643e+02, 80., 1.44516129e+02,
          9.29032211e+01, 6.70967712e+01, 1.34193542e+02, 8.77419357e+01,
          7.22580643e+01, 4.12903214e+01, 8.51612854e+01, 7.22580643e+01,
          6.70967712e+01, 7.74193525e+00, 6.96774139e+01, 6.96774139e+01,
          3.61290321e+01, 7.48387070e+01, 5.16128998e+01, 7.22580643e+01,
          5.67741928e+01, 4.12903214e+01, 1.54838705e+01, 3.87096748e+01,
          4.38709679e+01, 1.03225803e+01, 2.83870964e+01, 3.35483856e+01,
          4.38709679e+01, 4.38709679e+01, 4.90322571e+01, 3.87096748e+01,
          2.06451607e+01, 3.09677410e+01, 3.87096748e+01, 4.64516106e+01,
          1.80645161e+01, 2.58064499e+01, 1.29032249e+01, 2.06451607e+01,
          3.87096748e+01, 2.06451607e+01, 2.32258053e+01, 3.61290321e+01,
          1.54838705e+01, 1.80645161e+01, 1.29032249e+01, 3.35483856e+01,
          2.06451607e+01, 2.32258053e+01, 2.06451607e+01, 0.,
          3.09677410e+01, 7.74193525e+00, 2.32258053e+01, 2.58064508e+00,
          7.74193525e+00, 7.74193525e+00, 1.80645161e+01, 5.16129017e+00,
          7.74193525e+00, 7.74193525e+00, 7.74193525e+00, 0.,
          2.58064508e+00, 1.80645161e+01, 7.74193525e+00, 2.58064508e+00,
          7.74193525e+00, 1.54838705e+01, 1.29032249e+01, 5.16129017e+00,
          7.74193525e+00, 7.74193525e+00, 1.54838705e+01, 1.54838705e+01,
          1.54838705e+01, 2.58064508e+00, 2.58064508e+00, 7.74193525e+00,
          1.03225803e+01, 1.03225803e+01, 0., 0., 1.03225803e+01,
          7.74193525e+00, 7.74193525e+00, 7.74193525e+00, 1.54838705e+01,
          2.58064508e+00, 0., 0., 0., 7.74193525e+00, 5.16129017e+00,
          7.74193525e+00, 2.58064508e+00, 2.58064508e+00, 5.16129017e+00,
          2.58064508e+00, 5.16129017e+00, 5.16129017e+00, 1.80645161e+01,
          5.16129017e+00, 1.80645161e+01, 7.74193525e+00, 2.58064508e+00,
          2.58064508e+00, 0., 0., 0., 0., 2.58064508e+00, 0., 0.,
          2.58064508e+00, 0., 0., 0., 5.16129017e+00, 2.58064508e+00, 0.,
          0., 0., 0., 0., 0., 0., 0., 0., 0., 0., 0., 0., 0., 0., 0., 0.,
          0., 0., 0., 0., 0., 0., 0., 0., 0., 0., 0., 0., 0., 0., 0., 0.,
          0., 0., 0., 0. ]
   - !!opencv-matrix
      rows: 256
      cols: 1
      dt: f
      data: [ 0., 0., 0., 0., 0., 0., 0., 0., 0., 0., 0., 0., 0., 0., 0.,
          0., 0., 0., 2.46913576e+00, 0., 0., 1.48148146e+01,
          9.87654305e+00, 9.87654305e+00, 4.69135780e+01, 5.43209877e+01,
          4.19753075e+01, 6.17283936e+01, 1.48148146e+01, 1.48148146e+01,
          7.40740728e+00, 3.45679016e+01, 2.71604939e+01, 2.96296291e+01,
          3.45679016e+01, 2.46913567e+01, 1.97530861e+01, 3.20987663e+01,
          1.72839508e+01, 4.93827133e+01, 4.44444427e+01, 4.44444427e+01,
          5.43209877e+01, 6.91358032e+01, 3.20987663e+01, 6.66666641e+01,
          6.41975327e+01, 1.13580246e+02, 1.06172836e+02, 1.16049377e+02,
          1.20987656e+02, 9.62962952e+01, 1.50617279e+02, 1.92592590e+02,
          1.95061722e+02, 1.92592590e+02, 2.49382706e+02, 2.14814804e+02,
          1.48148148e+02, 200., 2.07407410e+02, 2.79012329e+02,
          3.13580231e+02, 2.79012329e+02, 3.43209869e+02, 2.83950623e+02,
          2.44444443e+02, 2.98765442e+02, 3.33333313e+02, 2.64197540e+02,
          3.06172821e+02, 2.81481476e+02, 2.61728394e+02, 3.48148132e+02,
          400., 3.38271606e+02, 2.74074066e+02, 2.66666656e+02,
          1.87654312e+02, 2.22222214e+02, 3.13580231e+02, 2.83950623e+02,
          2.54320984e+02, 2.44444443e+02, 1.72839508e+02, 1.28395065e+02,
          200., 2.12345673e+02, 2.37037033e+02, 1.67901230e+02,
          2.29629623e+02, 1.95061722e+02, 1.60493820e+02, 8.39506149e+01,
          1.70370361e+02, 1.16049377e+02, 1.38271606e+02, 9.13580246e+01,
          7.90123444e+01, 4.69135780e+01, 5.67901230e+01, 7.90123444e+01,
          5.67901230e+01, 7.16049347e+01, 6.66666641e+01, 7.65432053e+01,
          8.64197540e+01, 2.96296291e+01, 9.13580246e+01, 8.64197540e+01,
          6.17283936e+01, 6.41975327e+01, 4.19753075e+01, 4.93827133e+01,
          4.93827133e+01, 3.95061722e+01, 5.67901230e+01, 4.19753075e+01,
          6.41975327e+01, 4.93827133e+01, 4.93827133e+01, 5.43209877e+01,
          3.20987663e+01, 1.48148146e+01, 5.18518524e+01, 4.69135780e+01,
          9.87654305e+00, 2.96296291e+01, 2.96296291e+01, 3.95061722e+01,
          2.46913567e+01, 1.97530861e+01, 4.19753075e+01, 1.23456783e+01,
          2.71604939e+01, 1.72839508e+01, 2.46913567e+01, 3.20987663e+01,
          1.72839508e+01, 2.22222214e+01, 3.70370369e+01, 1.72839508e+01,
          1.48148146e+01, 0., 1.48148146e+01, 2.22222214e+01,
          4.93827152e+00, 1.97530861e+01, 7.40740728e+00, 0.,
          4.93827152e+00, 0., 1.23456783e+01, 1.23456783e+01,
          2.46913576e+00, 4.93827152e+00, 4.93827152e+00, 1.23456783e+01,
          7.40740728e+00, 7.40740728e+00, 4.93827152e+00, 7.40740728e+00,
          0., 2.46913576e+00, 4.93827152e+00, 0., 1.23456783e+01,
          7.40740728e+00, 4.93827152e+00, 1.23456783e+01, 7.40740728e+00,
          2.46913576e+00, 9.87654305e+00, 1.97530861e+01, 4.93827152e+00,
          2.22222214e+01, 7.40740728e+00, 0., 0., 7.40740728e+00,
          2.46913576e+00, 2.46913576e+00, 9.87654305e+00, 1.72839508e+01,
          7.40740728e+00, 4.93827152e+00, 2.46913576e+00, 2.46913576e+00,
          0., 9.87654305e+00, 2.46913576e+00, 4.93827152e+00, 0.,
          2.46913576e+00, 7.40740728e+00, 0., 4.93827152e+00, 0.,
          7.40740728e+00, 1.23456783e+01, 4.93827152e+00, 1.23456783e+01,
          9.87654305e+00, 1.23456783e+01, 4.93827152e+00, 2.46913576e+00,
          2.46913576e+00, 0., 0., 0., 0., 0., 0., 9.87654305e+00, 0., 0.,
          2.46913576e+00, 0., 0., 0., 0., 0., 0., 0., 0., 0., 0., 0., 0.,
          0., 0., 0., 0., 0., 0., 0., 0., 0., 0., 0., 0., 0., 0., 0., 0.,
          0., 0., 0., 0., 0., 0., 0., 0., 0., 0., 0. ]
   - !!opencv-matrix
      rows: 256
      cols: 1
      dt: f
      data: [ 2.28571439e+00, 0., 6.85714340e+00, 0., 0., 0.,
          6.85714340e+00, 4.57142878e+00, 4.57142878e+00, 9.14285755e+00,
          2.74285736e+01, 0., 1.37142868e+01, 3.42857170e+01,
          3.88571434e+01, 1.82857151e+01, 2.28571434e+01, 6.85714340e+01,
          5.02857170e+01, 5.48571472e+01, 64., 3.42857170e+01,
          2.05714302e+01, 64., 5.71428604e+01, 80., 8.68571472e+01,
          8.45714340e+01, 1.41714294e+02, 9.14285736e+01, 2.01142868e+02,
          1.02857147e+02, 1.37142868e+02, 9.14285736e+01, 9.37142868e+01,
          1.09714294e+02, 1.30285721e+02, 1.55428574e+02, 1.66857147e+02,
          1.73714294e+02, 160., 2.08000015e+02, 1.66857147e+02,
          1.94285721e+02, 2.08000015e+02, 1.82857147e+02, 1.87428574e+02,
          1.46285721e+02, 1.62285721e+02, 1.34857147e+02, 1.25714294e+02,
          1.62285721e+02, 1.21142860e+02, 1.02857147e+02, 1.55428574e+02,
          1.18857147e+02, 1.46285721e+02, 2.26285721e+02, 1.92000015e+02,
          2.33142868e+02, 1.87428574e+02, 2.44571442e+02, 1.92000015e+02,
          1.82857147e+02, 2.08000015e+02, 1.50857147e+02, 2.69714294e+02,
          3.29142883e+02, 4.00000031e+02, 2.42285721e+02, 1.82857147e+02,
          2.33142868e+02, 2.03428574e+02, 2.05714294e+02, 2.03428574e+02,
          2.78857147e+02, 2.28571442e+02, 2.10285721e+02, 1.92000015e+02,
          1.55428574e+02, 2.17142868e+02, 1.55428574e+02, 1.69142868e+02,
          1.89714294e+02, 1.37142868e+02, 7.77142868e+01, 1.23428574e+02,
          7.31428604e+01, 1.09714294e+02, 9.14285736e+01, 5.48571472e+01,
          7.08571472e+01, 6.62857208e+01, 5.94285736e+01, 32.,
          8.22857208e+01, 3.88571434e+01, 4.80000038e+01, 3.88571434e+01,
          2.97142868e+01, 7.54285736e+01, 32., 32., 5.71428604e+01, 32.,
          4.11428604e+01, 4.11428604e+01, 3.88571434e+01, 2.51428585e+01,
          2.97142868e+01, 3.65714302e+01, 4.34285736e+01, 1.82857151e+01,
          5.71428604e+01, 5.94285736e+01, 32., 2.51428585e+01,
          2.97142868e+01, 3.42857170e+01, 2.97142868e+01, 6.17142868e+01,
          16., 9.14285755e+00, 9.14285755e+00, 3.88571434e+01,
          1.14285717e+01, 1.82857151e+01, 2.05714302e+01, 2.05714302e+01,
          32., 2.51428585e+01, 2.51428585e+01, 6.85714340e+00,
          1.82857151e+01, 9.14285755e+00, 1.14285717e+01, 1.37142868e+01,
          1.14285717e+01, 16., 2.28571439e+00, 6.85714340e+00, 16.,
          9.14285755e+00, 1.82857151e+01, 2.28571439e+00, 6.85714340e+00,
          0., 0., 2.05714302e+01, 2.28571439e+00, 16., 4.57142878e+00,
          4.57142878e+00, 4.57142878e+00, 6.85714340e+00, 6.85714340e+00,
          4.57142878e+00, 16., 4.57142878e+00, 6.85714340e+00,
          4.57142878e+00, 0., 6.85714340e+00, 6.85714340e+00,
          9.14285755e+00, 6.85714340e+00, 0., 0., 2.28571439e+00,
          1.14285717e+01, 0., 6.85714340e+00, 0., 2.28571439e+00, 0.,
          4.57142878e+00, 0., 0., 2.28571439e+00, 0., 0., 0., 0., 0., 0.,
          0., 0., 0., 0., 0., 0., 0., 0., 0., 0., 0., 0., 0., 0., 0., 0.,
          0., 0., 0., 0., 0., 0., 0., 0., 0., 0., 0., 0., 0., 0., 0., 0.,
          0., 0., 0., 0., 0., 0., 0., 0., 0., 0., 0., 0., 0., 0., 0., 0.,
          0., 0., 0., 0., 0., 0., 0., 0., 0., 0., 0., 0., 0., 0., 0., 0.,
          0., 0., 0., 0., 0., 0., 0. ]
