%YAML:1.0
---
CM0:
   - !!opencv-matrix
      rows: 256
      cols: 1
      dt: f
      data: [ 0., 0., 0., 0., 0., 0., 0., 0., 0., 0., 0., 0., 0.,
          2.31213880e+00, 0., 0., 2.31213880e+00, 2.31213880e+00,
          6.93641663e+00, 2.08092499e+01, 4.62427759e+00, 1.13294800e+02,
          1.04046249e+02, 3.46820831e+02, 2.54335266e+02, 2.68208099e+02,
          3.83815033e+02, 2.61271698e+02, 400., 1.41040466e+02,
          3.46820831e+02, 3.32947998e+02, 3.46820831e+02, 2.58959534e+02,
          2.58959534e+02, 1.91907516e+02, 7.16763000e+01, 1.82658966e+02,
          1.10982666e+02, 9.47976913e+01, 7.16763000e+01, 9.01734161e+01,
          6.47398834e+01, 1.38728333e+01, 5.54913330e+01, 2.08092499e+01,
          3.69942207e+01, 2.54335270e+01, 3.93063583e+01, 4.39306374e+01,
          2.77456665e+01, 3.46820831e+01, 1.84971104e+01, 2.77456665e+01,
          3.00578041e+01, 2.77456665e+01, 3.23699417e+01, 1.61849709e+01,
          2.31213875e+01, 1.84971104e+01, 1.15606937e+01, 2.31213875e+01,
          1.38728333e+01, 2.08092499e+01, 2.08092499e+01, 3.46820831e+01,
          1.61849709e+01, 9.24855518e+00, 1.61849709e+01, 2.08092499e+01,
          2.77456665e+01, 9.24855518e+00, 1.61849709e+01, 6.93641663e+00,
          3.00578041e+01, 1.61849709e+01, 2.31213875e+01, 2.54335270e+01,
          9.24855518e+00, 1.15606937e+01, 9.24855518e+00, 1.61849709e+01,
          1.38728333e+01, 2.08092499e+01, 1.61849709e+01, 1.15606937e+01,
          1.84971104e+01, 1.15606937e+01, 1.84971104e+01, 1.61849709e+01,
          9.24855518e+00, 3.00578041e+01, 1.84971104e+01, 2.08092499e+01,
          9.24855518e+00, 3.00578041e+01, 1.38728333e+01, 2.31213875e+01,
          9.24855518e+00, 1.61849709e+01, 9.24855518e+00, 9.24855518e+00,
          1.15606937e+01, 4.62427759e+00, 1.38728333e+01, 1.15606937e+01,
          1.84971104e+01, 4.62427759e+00, 6.93641663e+00, 6.93641663e+00,
          1.61849709e+01, 9.24855518e+00, 1.15606937e+01, 2.31213880e+00,
          2.31213880e+00, 9.24855518e+00, 4.62427759e+00, 2.31213880e+00,
          6.93641663e+00, 2.31213880e+00, 2.31213880e+00, 2.31213880e+00,
          6.93641663e+00, 0., 6.93641663e+00, 9.24855518e+00, 0.,
          2.31213880e+00, 2.31213880e+00, 4.62427759e+00, 2.31213880e+00,
          4.62427759e+00, 2.31213880e+00, 4.62427759e+00, 2.31213880e+00,
          2.31213880e+00, 4.62427759e+00, 2.31213880e+00, 0.,
          2.31213880e+00, 9.24855518e+00, 2.31213880e+00, 0.,
          2.31213880e+00, 0., 0., 2.31213880e+00, 0., 0., 0., 0., 0.,
          2.31213880e+00, 0., 2.31213880e+00, 0., 0., 2.31213880e+00, 0.,
          0., 0., 2.31213880e+00, 0., 0., 0., 2.31213880e+00, 0., 0., 0.,
          0., 0., 0., 0., 0., 0., 0., 0., 0., 0., 0., 0., 0., 0., 0.,
          2.31213880e+00, 2.31213880e+00, 2.31213880e+00, 0., 0., 0., 0.,
          0., 0., 0., 2.31213880e+00, 2.31213880e+00, 2.31213880e+00, 0.,
          0., 0., 0., 0., 0., 0., 0., 0., 0., 0., 0., 0., 0., 0., 0., 0.,
          2.31213880e+00, 0., 2.31213880e+00, 4.62427759e+00, 0., 0.,
          2.31213880e+00, 2.31213880e+00, 0., 6.93641663e+00, 0., 0., 0.,
          2.31213880e+00, 0., 0., 0., 0., 0., 0., 0., 0., 0., 0.,
          2.31213880e+00, 2.31213880e+00, 0., 0., 0., 0., 0., 0., 0., 0.,
          0., 0., 0., 0., 0., 0., 0., 0. ]
   - !!opencv-matrix
      rows: 256
      cols: 1
      dt: f
      data: [ 0., 0., 0., 0., 0., 0., 0., 0., 0., 0., 2.18579245e+00,
          6.55737734e+00, 2.18579245e+00, 1.96721325e+01, 1.53005466e+01,
          1.20218582e+02, 1.18032791e+02, 2.64480896e+02, 3.51912598e+02,
          3.16939911e+02, 4.00000031e+02, 3.10382538e+02, 1.50819672e+02,
          2.27322418e+02, 3.43169403e+02, 3.32240448e+02, 2.95081970e+02,
          2.75409851e+02, 1.79234985e+02, 1.26775963e+02, 1.13661209e+02,
          9.83606567e+01, 1.02732246e+02, 6.55737762e+01, 5.46448097e+01,
          7.43169403e+01, 2.40437164e+01, 3.71584702e+01, 3.06010933e+01,
          4.15300560e+01, 3.49726791e+01, 1.96721325e+01, 3.49726791e+01,
          3.49726791e+01, 3.49726791e+01, 3.93442650e+01, 1.74863396e+01,
          3.71584702e+01, 1.53005466e+01, 2.40437164e+01, 2.18579254e+01,
          1.31147547e+01, 1.74863396e+01, 2.18579254e+01, 1.31147547e+01,
          1.96721325e+01, 2.18579254e+01, 1.53005466e+01, 6.55737734e+00,
          1.74863396e+01, 1.53005466e+01, 8.74316978e+00, 1.31147547e+01,
          2.84153023e+01, 1.53005466e+01, 6.55737734e+00, 1.09289627e+01,
          4.37158489e+00, 1.31147547e+01, 8.74316978e+00, 2.18579254e+01,
          1.53005466e+01, 1.53005466e+01, 1.74863396e+01, 1.53005466e+01,
          1.74863396e+01, 1.74863396e+01, 6.55737734e+00, 1.96721325e+01,
          1.96721325e+01, 1.31147547e+01, 8.74316978e+00, 1.53005466e+01,
          3.06010933e+01, 1.53005466e+01, 8.74316978e+00, 2.62295094e+01,
          1.53005466e+01, 8.74316978e+00, 1.31147547e+01, 1.96721325e+01,
          2.18579254e+01, 1.31147547e+01, 1.31147547e+01, 4.37158489e+00,
          1.09289627e+01, 1.53005466e+01, 1.09289627e+01, 1.31147547e+01,
          1.09289627e+01, 1.53005466e+01, 1.09289627e+01, 1.53005466e+01,
          1.53005466e+01, 6.55737734e+00, 1.31147547e+01, 2.40437164e+01,
          2.18579245e+00, 1.53005466e+01, 4.37158489e+00, 6.55737734e+00,
          6.55737734e+00, 2.18579245e+00, 1.31147547e+01, 1.09289627e+01,
          1.31147547e+01, 6.55737734e+00, 0., 2.18579245e+00, 0., 0.,
          6.55737734e+00, 6.55737734e+00, 4.37158489e+00, 4.37158489e+00,
          8.74316978e+00, 4.37158489e+00, 6.55737734e+00, 0.,
          2.18579245e+00, 0., 2.18579245e+00, 0., 2.18579245e+00,
          2.18579245e+00, 1.09289627e+01, 0., 6.55737734e+00,
          4.37158489e+00, 2.18579245e+00, 4.37158489e+00, 2.18579245e+00,
          8.74316978e+00, 2.18579245e+00, 4.37158489e+00, 2.18579245e+00,
          0., 0., 2.18579245e+00, 6.55737734e+00, 0., 0., 0., 0.,
          2.18579245e+00, 2.18579245e+00, 0., 0., 2.18579245e+00, 0.,
          2.18579245e+00, 0., 2.18579245e+00, 0., 0., 0., 0., 0., 0., 0.,
          0., 0., 0., 0., 0., 0., 0., 0., 0., 2.18579245e+00, 0., 0., 0.,
          0., 0., 0., 0., 0., 0., 4.37158489e+00, 0., 0., 0., 0.,
          2.18579245e+00, 0., 0., 0., 0., 0., 0., 0., 2.18579245e+00, 0.,
          0., 0., 0., 0., 0., 0., 0., 0., 2.18579245e+00, 0.,
          2.18579245e+00, 0., 0., 2.18579245e+00, 2.18579245e+00, 0.,
          4.37158489e+00, 0., 0., 2.18579245e+00, 0., 0., 0.,
          4.37158489e+00, 0., 0., 0., 0., 2.18579245e+00, 0., 0., 0., 0.,
          0., 2.18579245e+00, 0., 0., 0., 0., 2.18579245e+00, 0.,
          2.18579245e+00, 0., 0., 0., 0., 0., 0., 0., 0., 0., 0. ]
   - !!opencv-matrix
      rows: 256
      cols: 1
      dt: f
      data: [ 2.83185844e+01, 7.07964611e+00, 3.53982306e+00,
          8.84955788e+00, 8.84955788e+00, 2.12389374e+01, 2.12389374e+01,
          3.00884953e+01, 3.53982315e+01, 6.90265503e+01, 3.11504425e+02,
          2.28318588e+02, 3.73451324e+02, 400., 2.40707962e+02,
          3.30973450e+02, 2.51327438e+02, 2.92035400e+02, 2.47787613e+02,
          2.40707962e+02, 1.29203537e+02, 7.43362808e+01, 1.39823013e+02,
          8.14159317e+01, 7.07964630e+01, 7.43362808e+01, 5.13274345e+01,
          3.53982315e+01, 3.18584080e+01, 1.94690266e+01, 2.83185844e+01,
          2.65486736e+01, 2.47787609e+01, 3.00884953e+01, 2.30088501e+01,
          2.30088501e+01, 3.53982315e+01, 2.12389374e+01, 2.83185844e+01,
          2.30088501e+01, 1.06194687e+01, 0., 1.94690266e+01,
          1.94690266e+01, 1.23893805e+01, 2.12389374e+01, 1.06194687e+01,
          2.65486736e+01, 1.59292040e+01, 1.41592922e+01, 1.59292040e+01,
          7.07964611e+00, 8.84955788e+00, 3.53982306e+00, 8.84955788e+00,
          2.12389374e+01, 7.07964611e+00, 1.23893805e+01, 8.84955788e+00,
          7.07964611e+00, 7.07964611e+00, 1.06194687e+01, 8.84955788e+00,
          1.06194687e+01, 7.07964611e+00, 2.12389374e+01, 1.06194687e+01,
          1.06194687e+01, 0., 7.07964611e+00, 7.07964611e+00,
          1.06194687e+01, 5.30973434e+00, 1.76991158e+01, 1.06194687e+01,
          1.23893805e+01, 7.07964611e+00, 7.07964611e+00, 8.84955788e+00,
          5.30973434e+00, 3.53982306e+00, 3.53982306e+00, 1.41592922e+01,
          3.53982306e+00, 7.07964611e+00, 7.07964611e+00, 5.30973434e+00,
          7.07964611e+00, 5.30973434e+00, 7.07964611e+00, 5.30973434e+00,
          3.53982306e+00, 3.53982306e+00, 8.84955788e+00, 7.07964611e+00,
          1.76991153e+00, 1.76991153e+00, 1.76991153e+00, 7.07964611e+00,
          1.76991153e+00, 3.53982306e+00, 3.53982306e+00, 1.76991153e+00,
          1.76991153e+00, 0., 3.53982306e+00, 0., 1.76991153e+00,
          1.76991153e+00, 0., 1.76991153e+00, 0., 5.30973434e+00,
          1.76991153e+00, 0., 3.53982306e+00, 1.76991153e+00,
          1.76991153e+00, 0., 1.76991153e+00, 1.76991153e+00,
          1.76991153e+00, 0., 0., 0., 0., 1.76991153e+00, 0.,
          3.53982306e+00, 0., 1.76991153e+00, 5.30973434e+00,
          1.76991153e+00, 1.76991153e+00, 1.76991153e+00, 0., 0.,
          1.76991153e+00, 1.76991153e+00, 0., 0., 0., 1.76991153e+00, 0.,
          1.76991153e+00, 0., 1.76991153e+00, 0., 0., 0., 1.76991153e+00,
          0., 0., 0., 0., 0., 0., 0., 0., 1.76991153e+00, 0.,
          1.76991153e+00, 1.76991153e+00, 0., 0., 1.76991153e+00, 0., 0.,
          0., 0., 0., 0., 0., 0., 0., 0., 0., 0., 0., 0., 1.76991153e+00,
          0., 0., 1.76991153e+00, 0., 0., 7.07964611e+00, 1.76991153e+00,
          0., 1.76991153e+00, 0., 0., 0., 1.76991153e+00, 1.76991153e+00,
          0., 0., 1.76991153e+00, 0., 0., 0., 0., 0., 0., 0., 0., 0.,
          1.76991153e+00, 0., 0., 0., 0., 0., 0., 0., 0., 0., 0., 0.,
          1.76991153e+00, 0., 0., 0., 0., 0., 0., 0., 0., 0., 0., 0., 0.,
          0., 0., 0., 0., 0., 0., 0., 0., 0., 0., 0., 0., 0., 0., 0., 0.,
          0., 0., 0., 0., 0., 0., 0., 0. ]
CM1:
   - !!opencv-matrix
      rows: 256
      cols: 1
      dt: f
      data: [ 0., 0., 0., 0., 0., 0., 0., 0., 0., 0., 0., 0., 0., 0., 0.,
          0., 0., 0., 0., 0., 0., 0., 0., 0., 4.25531912e+00, 0., 0., 0.,
          0., 0., 8.51063824e+00, 0., 4.25531912e+00, 4.25531912e+00,
          2.12765961e+01, 2.97872334e+01, 2.12765961e+01, 3.40425529e+01,
          2.55319138e+01, 7.23404236e+01, 7.23404236e+01, 8.51063843e+01,
          1.19148933e+02, 4.25531921e+01, 1.23404251e+02, 1.23404251e+02,
          1.44680847e+02, 1.78723404e+02, 9.36170197e+01, 1.61702133e+02,
          1.02127655e+02, 9.78723373e+01, 1.23404251e+02, 1.61702133e+02,
          1.57446808e+02, 1.40425537e+02, 1.36170212e+02, 1.40425537e+02,
          1.91489365e+02, 1.70212769e+02, 2.97872345e+02, 1.95744675e+02,
          2.08510635e+02, 2.72340424e+02, 2.25531906e+02, 400.,
          2.46808502e+02, 2.59574463e+02, 3.23404266e+02, 1.19148933e+02,
          2.93617004e+02, 2.46808502e+02, 2.97872345e+02, 1.65957443e+02,
          2.59574463e+02, 3.23404266e+02, 1.02127655e+02, 2.34042557e+02,
          2.59574463e+02, 2.25531906e+02, 200., 2.08510635e+02,
          2.34042557e+02, 6.38297882e+01, 1.87234039e+02, 1.44680847e+02,
          1.70212769e+02, 1.53191483e+02, 1.95744675e+02, 1.27659576e+02,
          5.53191490e+01, 1.78723404e+02, 1.14893616e+02, 1.48936172e+02,
          8.51063843e+01, 1.31914886e+02, 7.65957413e+01, 7.65957413e+01,
          1.23404251e+02, 4.25531921e+01, 4.25531921e+01, 9.78723373e+01,
          4.68085098e+01, 4.68085098e+01, 4.68085098e+01, 4.68085098e+01,
          5.10638275e+01, 4.25531921e+01, 5.95744667e+01, 2.12765961e+01,
          2.12765961e+01, 1.70212765e+01, 1.27659569e+01, 3.82978706e+01,
          8.51063824e+00, 2.12765961e+01, 1.70212765e+01, 8.51063824e+00,
          2.55319138e+01, 1.27659569e+01, 3.40425529e+01, 1.27659569e+01,
          2.55319138e+01, 8.51063824e+00, 8.51063824e+00, 2.12765961e+01,
          1.70212765e+01, 4.25531912e+00, 1.27659569e+01, 2.12765961e+01,
          1.27659569e+01, 0., 1.27659569e+01, 0., 8.51063824e+00, 0., 0.,
          0., 0., 0., 0., 0., 8.51063824e+00, 0., 0., 4.25531912e+00,
          8.51063824e+00, 8.51063824e+00, 0., 4.25531912e+00,
          4.25531912e+00, 0., 4.25531912e+00, 0., 8.51063824e+00, 0., 0.,
          0., 4.25531912e+00, 0., 8.51063824e+00, 0., 4.25531912e+00,
          4.25531912e+00, 0., 0., 0., 0., 0., 0., 0., 0., 0., 0., 0.,
          4.25531912e+00, 0., 8.51063824e+00, 0., 0., 4.25531912e+00, 0.,
          4.25531912e+00, 0., 0., 0., 0., 0., 4.25531912e+00, 0., 0., 0.,
          0., 0., 0., 0., 0., 0., 0., 0., 0., 0., 0., 0., 0., 0., 0., 0.,
          0., 0., 0., 0., 0., 0., 0., 0., 0., 0., 0., 0., 0., 0., 0., 0.,
          0., 0., 0., 0., 0., 0., 0., 0., 0., 0., 0., 0., 0., 0., 0., 0.,
          0., 0., 0., 0., 0., 0., 0., 0., 0., 0., 0., 0., 0., 0., 0., 0. ]
   - !!opencv-matrix
      rows: 256
      cols: 1
      dt: f
      data: [ 0., 0., 0., 0., 0., 0., 0., 0., 0., 0., 0., 0., 0., 0., 0.,
          0., 0., 0., 0., 0., 0., 0., 5., 10., 0., 10., 0., 25., 20.,
          40., 25., 40., 45., 40., 50., 95., 80., 90., 75., 145., 125.,
          165., 170., 155., 155., 115., 205., 195., 155., 175., 160.,
          210., 260., 185., 245., 235., 330., 315., 400., 350., 260.,
          290., 205., 290., 305., 355., 250., 360., 270., 225., 325.,
          305., 275., 265., 280., 205., 205., 175., 230., 155., 245.,
          265., 85., 140., 210., 135., 85., 120., 145., 80., 35., 85.,
          70., 25., 100., 60., 90., 20., 50., 45., 50., 35., 30., 10.,
          25., 40., 35., 50., 35., 15., 45., 15., 15., 35., 30., 25.,
          15., 10., 10., 45., 10., 10., 10., 20., 15., 5., 30., 10., 15.,
          20., 20., 15., 25., 0., 10., 10., 20., 25., 10., 15., 0., 5.,
          10., 15., 5., 10., 15., 0., 20., 5., 10., 10., 0., 5., 10., 0.,
          0., 0., 0., 5., 0., 0., 5., 0., 10., 0., 0., 0., 0., 0., 0.,
          5., 0., 0., 0., 10., 0., 0., 5., 5., 0., 0., 0., 5., 0., 0.,
          0., 0., 0., 0., 0., 0., 0., 0., 0., 0., 0., 0., 0., 0., 0., 0.,
          0., 0., 0., 0., 0., 0., 0., 0., 0., 0., 0., 0., 0., 0., 0., 0.,
          0., 0., 0., 0., 0., 0., 0., 0., 0., 0., 0., 0., 0., 0., 0., 0.,
          0., 0., 0., 0., 0., 0., 0., 0., 0., 0., 0., 0., 0., 0., 0., 0.,
          0., 0., 0., 0., 0., 0. ]
   - !!opencv-matrix
      rows: 256
      cols: 1
      dt: f
      data: [ 6.15384626e+00, 6.15384626e+00, 0., 0., 1.23076925e+01, 0.,
          0., 6.15384626e+00, 0., 1.23076925e+01, 2.46153851e+01,
          1.84615383e+01, 1.23076925e+01, 4.30769234e+01, 2.46153851e+01,
          3.69230766e+01, 4.92307701e+01, 80., 9.84615402e+01,
          9.23076935e+01, 9.84615402e+01, 1.23076927e+02, 6.15384636e+01,
          1.23076927e+02, 1.35384613e+02, 1.47692307e+02, 2.09230774e+02,
          2.15384613e+02, 1.29230774e+02, 2.33846161e+02, 1.53846161e+02,
          2.09230774e+02, 2.89230774e+02, 2.76923096e+02, 2.15384613e+02,
          3.63076935e+02, 2.83076935e+02, 3.07692322e+02, 2.83076935e+02,
          400., 2.64615387e+02, 240., 3.50769226e+02, 2.33846161e+02,
          1.96923080e+02, 2.58461548e+02, 2.70769226e+02, 2.33846161e+02,
          1.96923080e+02, 2.58461548e+02, 2.83076935e+02, 2.83076935e+02,
          1.72307693e+02, 2.58461548e+02, 1.90769241e+02, 2.76923096e+02,
          2.64615387e+02, 2.58461548e+02, 3.13846161e+02, 9.84615402e+01,
          1.90769241e+02, 2.46153854e+02, 2.95384613e+02, 2.15384613e+02,
          2.95384613e+02, 2.83076935e+02, 1.53846161e+02, 2.95384613e+02,
          2.09230774e+02, 2.76923096e+02, 2.83076935e+02, 2.15384613e+02,
          2.03076920e+02, 1.90769241e+02, 2.33846161e+02, 9.84615402e+01,
          2.21538467e+02, 2.21538467e+02, 2.46153854e+02, 1.29230774e+02,
          1.84615387e+02, 2.27692307e+02, 7.38461533e+01, 1.66153854e+02,
          1.96923080e+02, 1.35384613e+02, 7.38461533e+01, 80.,
          1.47692307e+02, 4.92307701e+01, 4.30769234e+01, 9.23076935e+01,
          7.38461533e+01, 5.53846169e+01, 6.15384636e+01, 4.92307701e+01,
          4.30769234e+01, 1.23076925e+01, 6.15384636e+01, 1.84615383e+01,
          2.46153851e+01, 1.23076925e+01, 1.23076925e+01, 0.,
          2.46153851e+01, 1.84615383e+01, 6.15384626e+00, 0.,
          3.69230766e+01, 1.23076925e+01, 1.23076925e+01, 1.23076925e+01,
          1.23076925e+01, 1.23076925e+01, 1.23076925e+01, 1.23076925e+01,
          6.15384626e+00, 1.23076925e+01, 1.23076925e+01, 6.15384626e+00,
          2.46153851e+01, 1.23076925e+01, 0., 0., 1.23076925e+01, 0.,
          6.15384626e+00, 1.23076925e+01, 0., 6.15384626e+00, 0.,
          2.46153851e+01, 1.23076925e+01, 1.23076925e+01, 6.15384626e+00,
          6.15384626e+00, 0., 0., 6.15384626e+00, 0., 1.23076925e+01,
          6.15384626e+00, 6.15384626e+00, 0., 1.23076925e+01, 0.,
          1.23076925e+01, 1.23076925e+01, 0., 0., 6.15384626e+00,
          1.23076925e+01, 6.15384626e+00, 1.23076925e+01, 0.,
          6.15384626e+00, 0., 0., 0., 0., 0., 0., 0., 0., 6.15384626e+00,
          0., 0., 0., 0., 0., 0., 0., 6.15384626e+00, 0., 0., 0., 0., 0.,
          6.15384626e+00, 0., 0., 0., 0., 0., 0., 0., 0., 0., 0., 0., 0.,
          0., 0., 0., 0., 0., 0., 0., 0., 0., 0., 0., 0., 0., 0., 0., 0.,
          0., 0., 0., 0., 0., 0., 0., 0., 0., 0., 0., 0., 0., 0., 0., 0.,
          0., 0., 0., 0., 0., 0., 0., 0., 0., 0., 0., 0., 0., 0., 0., 0.,
          0., 0., 0., 0., 0., 0., 0., 0., 0., 0., 0., 0., 0., 0., 0., 0.,
          0. ]
CM2:
   - !!opencv-matrix
      rows: 256
      cols: 1
      dt: f
      data: [ 0., 0., 0., 0., 0., 0., 0., 0., 0., 0., 0., 0., 0.,
          6.77966118e+00, 0., 2.03389835e+01, 0., 0., 0., 1.35593224e+01,
          1.35593224e+01, 6.77966118e+00, 2.03389835e+01, 1.35593224e+01,
          2.03389835e+01, 6.77966156e+01, 8.13559341e+01, 2.71186447e+01,
          4.06779671e+01, 8.81355972e+01, 4.74576263e+01, 9.49152527e+01,
          1.01694916e+02, 6.77966156e+01, 8.13559341e+01, 6.10169525e+01,
          1.35593231e+02, 1.49152542e+02, 8.13559341e+01, 2.23728821e+02,
          1.89830505e+02, 400., 2.98305084e+02, 2.57627136e+02,
          2.30508484e+02, 2.16949158e+02, 3.79661011e+02, 2.91525421e+02,
          3.86440674e+02, 2.84745758e+02, 2.57627136e+02, 2.50847458e+02,
          2.10169495e+02, 2.98305084e+02, 2.30508484e+02, 1.69491531e+02,
          1.42372879e+02, 1.89830505e+02, 1.89830505e+02, 1.22033905e+02,
          1.89830505e+02, 1.69491531e+02, 2.03389832e+02, 1.89830505e+02,
          2.16949158e+02, 2.10169495e+02, 1.69491531e+02, 1.15254242e+02,
          1.22033905e+02, 2.03389832e+02, 1.55932205e+02, 1.96610168e+02,
          1.62711868e+02, 1.08474579e+02, 1.55932205e+02, 9.49152527e+01,
          1.55932205e+02, 1.28813568e+02, 1.76271194e+02, 9.49152527e+01,
          1.28813568e+02, 1.35593231e+02, 1.49152542e+02, 1.49152542e+02,
          1.42372879e+02, 1.28813568e+02, 1.42372879e+02, 1.55932205e+02,
          1.49152542e+02, 8.81355972e+01, 1.55932205e+02, 1.55932205e+02,
          1.28813568e+02, 1.69491531e+02, 1.49152542e+02, 1.49152542e+02,
          1.22033905e+02, 1.69491531e+02, 1.28813568e+02, 1.42372879e+02,
          1.28813568e+02, 8.13559341e+01, 1.22033905e+02, 1.01694916e+02,
          1.22033905e+02, 1.35593231e+02, 1.28813568e+02, 1.69491531e+02,
          1.42372879e+02, 1.69491531e+02, 1.22033905e+02, 1.15254242e+02,
          1.15254242e+02, 1.55932205e+02, 1.28813568e+02, 7.45762711e+01,
          1.28813568e+02, 5.42372894e+01, 1.08474579e+02, 8.81355972e+01,
          1.15254242e+02, 5.42372894e+01, 7.45762711e+01, 1.15254242e+02,
          1.15254242e+02, 8.13559341e+01, 4.74576263e+01, 7.45762711e+01,
          4.74576263e+01, 5.42372894e+01, 7.45762711e+01, 2.71186447e+01,
          4.06779671e+01, 4.74576263e+01, 3.38983078e+01, 6.10169525e+01,
          5.42372894e+01, 6.77966156e+01, 2.71186447e+01, 3.38983078e+01,
          4.06779671e+01, 4.74576263e+01, 4.06779671e+01, 6.10169525e+01,
          4.06779671e+01, 4.74576263e+01, 3.38983078e+01, 7.45762711e+01,
          4.74576263e+01, 4.74576263e+01, 2.03389835e+01, 3.38983078e+01,
          6.77966156e+01, 4.06779671e+01, 2.71186447e+01, 3.38983078e+01,
          3.38983078e+01, 1.35593224e+01, 4.74576263e+01, 3.38983078e+01,
          1.35593224e+01, 6.77966118e+00, 1.35593224e+01, 2.03389835e+01,
          4.74576263e+01, 0., 3.38983078e+01, 3.38983078e+01,
          2.03389835e+01, 2.71186447e+01, 6.77966118e+00, 2.71186447e+01,
          1.35593224e+01, 2.71186447e+01, 2.71186447e+01, 2.03389835e+01,
          6.77966118e+00, 2.03389835e+01, 1.35593224e+01, 1.35593224e+01,
          6.77966118e+00, 3.38983078e+01, 6.77966118e+00, 2.71186447e+01,
          1.35593224e+01, 1.35593224e+01, 3.38983078e+01, 2.71186447e+01,
          1.35593224e+01, 6.77966118e+00, 6.77966118e+00, 2.71186447e+01,
          6.77966118e+00, 2.03389835e+01, 4.74576263e+01, 1.35593224e+01,
          6.77966118e+00, 6.77966118e+00, 6.77966118e+00, 6.77966118e+00,
          0., 6.77966118e+00, 0., 0., 2.03389835e+01, 3.38983078e+01,
          6.77966118e+00, 2.03389835e+01, 1.35593224e+01, 6.77966118e+00,
          1.35593224e+01, 2.71186447e+01, 6.77966118e+00, 6.77966118e+00,
          2.03389835e+01, 6.77966118e+00, 6.77966118e+00, 2.71186447e+01,
          1.35593224e+01, 0., 6.77966118e+00, 6.77966118e+00, 0.,
          6.77966118e+00, 1.35593224e+01, 0., 0., 6.77966118e+00,
          6.77966118e+00, 6.77966118e+00, 6.77966118e+00, 6.77966118e+00,
          6.77966118e+00, 2.03389835e+01, 6.77966118e+00, 6.77966118e+00,
          0., 1.35593224e+01, 0., 0., 6.77966118e+00, 6.77966118e+00,
          1.35593224e+01, 6.77966118e+00, 6.77966118e+00, 6.77966118e+00,
          0., 2.03389835e+01, 6.77966118e+00, 0., 6.77966118e+00,
          6.77966118e+00, 2.03389835e+01, 0., 6.77966118e+00,
          4.74576263e+01 ]
   - !!opencv-matrix
      rows: 256
      cols: 1
      dt: f
      data: [ 0., 0., 0., 0., 0., 0., 0., 0., 0., 7.14285707e+00, 0., 0.,
          0., 1.42857141e+01, 0., 0., 2.85714283e+01, 1.42857141e+01,
          2.85714283e+01, 3.57142868e+01, 50., 1.42857141e+01, 50.,
          2.14285717e+01, 50., 1.21428574e+02, 1.07142853e+02,
          7.14285736e+01, 6.42857132e+01, 1.21428574e+02, 1.07142853e+02,
          1.92857147e+02, 1.92857147e+02, 2.35714279e+02, 400.,
          3.57142853e+02, 3.07142853e+02, 2.35714279e+02, 2.85714294e+02,
          2.57142853e+02, 3.71428558e+02, 3.78571411e+02, 3.35714294e+02,
          3.07142853e+02, 2.78571411e+02, 2.42857147e+02, 1.42857147e+02,
          2.85714294e+02, 2.92857147e+02, 300., 2.78571411e+02,
          1.78571426e+02, 2.28571426e+02, 1.92857147e+02, 1.57142853e+02,
          2.71428558e+02, 1.28571426e+02, 2.14285706e+02, 1.28571426e+02,
          1.57142853e+02, 9.28571396e+01, 150., 1.42857147e+02,
          1.57142853e+02, 1.64285706e+02, 1.92857147e+02, 1.42857147e+02,
          100., 100., 1.57142853e+02, 9.28571396e+01, 1.28571426e+02,
          1.35714279e+02, 9.28571396e+01, 8.57142868e+01, 150.,
          1.07142853e+02, 1.28571426e+02, 6.42857132e+01, 1.14285713e+02,
          100., 1.42857147e+02, 100., 1.42857147e+02, 1.42857147e+02,
          1.64285706e+02, 1.78571426e+02, 1.14285713e+02, 1.21428574e+02,
          1.42857147e+02, 1.78571426e+02, 150., 1.78571426e+02,
          1.42857147e+02, 1.21428574e+02, 1.57142853e+02, 1.14285713e+02,
          1.14285713e+02, 1.21428574e+02, 1.71428574e+02, 100.,
          1.14285713e+02, 1.28571426e+02, 1.64285706e+02, 1.07142853e+02,
          8.57142868e+01, 1.28571426e+02, 100., 1.21428574e+02,
          1.14285713e+02, 1.07142853e+02, 1.14285713e+02, 7.85714264e+01,
          150., 7.85714264e+01, 7.85714264e+01, 5.71428566e+01,
          1.07142853e+02, 1.71428574e+02, 1.21428574e+02, 1.42857147e+02,
          1.07142853e+02, 7.14285736e+01, 1.21428574e+02, 7.14285736e+01,
          9.28571396e+01, 9.28571396e+01, 7.14285736e+01, 1.14285713e+02,
          50., 7.14285736e+01, 7.14285736e+01, 5.71428566e+01,
          6.42857132e+01, 9.28571396e+01, 2.14285717e+01, 7.85714264e+01,
          6.42857132e+01, 1.42857141e+01, 4.28571434e+01, 2.85714283e+01,
          3.57142868e+01, 5.71428566e+01, 2.14285717e+01, 2.85714283e+01,
          5.71428566e+01, 2.85714283e+01, 1.42857141e+01, 3.57142868e+01,
          50., 2.14285717e+01, 4.28571434e+01, 2.14285717e+01,
          3.57142868e+01, 1.42857141e+01, 4.28571434e+01, 2.14285717e+01,
          1.42857141e+01, 2.14285717e+01, 4.28571434e+01, 2.85714283e+01,
          2.85714283e+01, 2.85714283e+01, 3.57142868e+01, 6.42857132e+01,
          7.14285707e+00, 1.42857141e+01, 2.85714283e+01, 1.42857141e+01,
          7.14285707e+00, 7.14285707e+00, 2.85714283e+01, 7.14285707e+00,
          2.85714283e+01, 1.42857141e+01, 1.42857141e+01, 7.14285707e+00,
          2.14285717e+01, 7.14285707e+00, 0., 7.14285707e+00, 0.,
          2.14285717e+01, 3.57142868e+01, 1.42857141e+01, 2.85714283e+01,
          0., 2.14285717e+01, 7.14285707e+00, 1.42857141e+01,
          1.42857141e+01, 0., 1.42857141e+01, 0., 7.14285707e+00, 0.,
          2.85714283e+01, 2.14285717e+01, 2.14285717e+01, 1.42857141e+01,
          1.42857141e+01, 7.14285707e+00, 1.42857141e+01, 7.14285707e+00,
          0., 2.14285717e+01, 0., 0., 7.14285707e+00, 7.14285707e+00,
          1.42857141e+01, 0., 0., 0., 0., 2.14285717e+01, 1.42857141e+01,
          7.14285707e+00, 2.14285717e+01, 0., 0., 0., 7.14285707e+00, 0.,
          0., 2.14285717e+01, 0., 0., 0., 7.14285707e+00, 1.42857141e+01,
          1.42857141e+01, 7.14285707e+00, 7.14285707e+00, 7.14285707e+00,
          7.14285707e+00, 7.14285707e+00, 7.14285707e+00, 0.,
          7.14285707e+00, 0., 7.14285707e+00, 1.42857141e+01,
          7.14285707e+00, 0., 1.42857141e+01, 0., 1.42857141e+01,
          3.57142868e+01, 1.42857141e+01, 2.14285717e+01, 50.,
          2.14285717e+01, 7.14285707e+00, 1.42857141e+01, 1.42857147e+02 ]
   - !!opencv-matrix
      rows: 256
      cols: 1
      dt: f
      data: [ 2.28571434e+01, 1.14285717e+01, 1.14285717e+01, 0., 0.,
          2.28571434e+01, 1.14285717e+01, 3.42857132e+01, 1.14285717e+01,
          1.14285717e+01, 40., 3.42857132e+01, 6.28571434e+01,
          2.85714302e+01, 1.31428574e+02, 160., 1.31428574e+02,
          2.45714294e+02, 400., 2.74285706e+02, 1.88571426e+02,
          3.31428589e+02, 2.51428574e+02, 3.31428589e+02, 320.,
          2.85714294e+02, 2.68571442e+02, 2.85714294e+02, 2.91428589e+02,
          2.22857147e+02, 2.68571442e+02, 2.62857147e+02, 2.57142853e+02,
          1.71428574e+02, 2.05714294e+02, 1.88571426e+02, 1.77142868e+02,
          2.17142868e+02, 2.22857147e+02, 200., 2.28571442e+02,
          2.11428574e+02, 2.05714294e+02, 1.71428574e+02, 2.05714294e+02,
          120., 1.42857147e+02, 1.54285721e+02, 1.71428574e+02,
          1.02857147e+02, 1.77142868e+02, 1.31428574e+02, 1.54285721e+02,
          1.25714287e+02, 1.08571434e+02, 1.42857147e+02, 1.08571434e+02,
          9.14285736e+01, 6.85714264e+01, 120., 1.02857147e+02,
          1.14285721e+02, 1.42857147e+02, 80., 7.42857132e+01,
          9.71428604e+01, 9.71428604e+01, 1.08571434e+02, 120.,
          6.85714264e+01, 9.71428604e+01, 6.85714264e+01, 5.71428604e+01,
          1.08571434e+02, 8.57142868e+01, 7.42857132e+01, 9.71428604e+01,
          7.42857132e+01, 9.71428604e+01, 9.71428604e+01, 6.85714264e+01,
          120., 1.37142853e+02, 9.71428604e+01, 5.71428604e+01,
          6.85714264e+01, 1.48571426e+02, 9.14285736e+01, 80.,
          5.71428604e+01, 5.14285736e+01, 7.42857132e+01, 4.57142868e+01,
          6.85714264e+01, 80., 4.57142868e+01, 4.57142868e+01,
          5.71428604e+01, 40., 4.57142868e+01, 7.42857132e+01,
          4.57142868e+01, 3.42857132e+01, 5.71428604e+01, 3.42857132e+01,
          5.71428604e+01, 4.57142868e+01, 6.28571434e+01, 5.71428604e+01,
          6.28571434e+01, 7.42857132e+01, 6.28571434e+01, 1.02857147e+02,
          6.28571434e+01, 6.85714264e+01, 5.14285736e+01, 80.,
          5.14285736e+01, 40., 5.14285736e+01, 6.28571434e+01,
          2.28571434e+01, 2.28571434e+01, 40., 5.14285736e+01,
          3.42857132e+01, 40., 2.85714302e+01, 2.28571434e+01,
          1.14285717e+01, 40., 0., 2.85714302e+01, 0., 3.42857132e+01,
          3.42857132e+01, 1.14285717e+01, 0., 0., 5.71428585e+00,
          5.71428585e+00, 0., 1.14285717e+01, 5.71428585e+00,
          1.14285717e+01, 0., 1.71428566e+01, 1.14285717e+01,
          1.14285717e+01, 1.71428566e+01, 5.71428585e+00, 1.14285717e+01,
          0., 2.28571434e+01, 1.71428566e+01, 5.71428585e+00, 0.,
          5.71428585e+00, 0., 0., 5.71428585e+00, 1.14285717e+01, 0.,
          5.71428585e+00, 1.14285717e+01, 5.71428585e+00, 0.,
          5.71428585e+00, 0., 5.71428585e+00, 5.71428585e+00,
          5.71428585e+00, 5.71428585e+00, 2.28571434e+01, 0.,
          1.71428566e+01, 5.71428585e+00, 5.71428585e+00, 1.14285717e+01,
          1.14285717e+01, 5.71428585e+00, 1.14285717e+01, 1.14285717e+01,
          1.14285717e+01, 1.14285717e+01, 0., 1.14285717e+01,
          1.14285717e+01, 1.71428566e+01, 0., 5.71428585e+00,
          5.71428585e+00, 1.14285717e+01, 5.71428585e+00, 5.71428585e+00,
          1.14285717e+01, 0., 2.28571434e+01, 1.71428566e+01, 0.,
          1.71428566e+01, 0., 1.14285717e+01, 5.71428585e+00,
          5.71428585e+00, 2.28571434e+01, 1.14285717e+01, 0.,
          1.14285717e+01, 0., 5.71428585e+00, 5.71428585e+00,
          1.71428566e+01, 0., 5.71428585e+00, 1.14285717e+01, 0., 0.,
          1.14285717e+01, 0., 1.71428566e+01, 5.71428585e+00,
          5.71428585e+00, 2.28571434e+01, 5.71428585e+00, 5.71428585e+00,
          0., 1.14285717e+01, 1.71428566e+01, 0., 0., 1.14285717e+01,
          5.71428585e+00, 1.71428566e+01, 0., 0., 5.71428585e+00, 0., 0.,
          5.71428585e+00, 1.14285717e+01, 5.71428585e+00, 5.71428585e+00,
          1.14285717e+01, 0., 0., 5.71428585e+00, 5.71428585e+00,
          5.71428585e+00, 5.71428585e+00, 5.71428585e+00, 0., 0.,
          5.71428585e+00, 0., 0. ]
CM3:
   - !!opencv-matrix
      rows: 256
      cols: 1
      dt: f
      data: [ 0., 0., 0., 0., 0., 0., 0., 0., 0., 0., 0., 0., 0.,
          3.88349509e+00, 0., 0., 0., 0., 0., 3.88349509e+00, 0.,
          7.76699018e+00, 1.94174747e+01, 1.16504850e+01, 5.04854355e+01,
          8.93203888e+01, 2.33009705e+02, 1.70873779e+02, 2.56310669e+02,
          7.76698990e+01, 400., 2.99029114e+02, 1.63106796e+02,
          2.09708740e+02, 1.70873779e+02, 1.47572815e+02, 1.39805817e+02,
          1.00970871e+02, 7.76698990e+01, 7.37864075e+01, 5.82524261e+01,
          5.82524261e+01, 5.43689308e+01, 3.10679607e+01, 5.43689308e+01,
          3.49514542e+01, 5.82524261e+01, 3.88349495e+01, 3.10679607e+01,
          4.66019402e+01, 3.88349495e+01, 4.66019402e+01, 3.88349495e+01,
          1.94174747e+01, 5.04854355e+01, 2.71844654e+01, 1.55339804e+01,
          5.43689308e+01, 3.49514542e+01, 1.55339804e+01, 1.55339804e+01,
          1.94174747e+01, 3.88349495e+01, 1.55339804e+01, 5.43689308e+01,
          4.66019402e+01, 2.33009701e+01, 2.33009701e+01, 2.33009701e+01,
          2.71844654e+01, 2.33009701e+01, 3.10679607e+01, 2.71844654e+01,
          3.49514542e+01, 1.94174747e+01, 3.49514542e+01, 2.71844654e+01,
          4.66019402e+01, 3.10679607e+01, 4.66019402e+01, 3.88349495e+01,
          5.04854355e+01, 6.21359215e+01, 4.66019402e+01, 5.04854355e+01,
          5.43689308e+01, 1.94174747e+01, 5.82524261e+01, 3.88349495e+01,
          2.71844654e+01, 3.10679607e+01, 3.49514542e+01, 2.33009701e+01,
          5.82524261e+01, 5.43689308e+01, 8.54368896e+01, 4.66019402e+01,
          6.21359215e+01, 6.60194168e+01, 3.49514542e+01, 5.82524261e+01,
          5.82524261e+01, 9.70873795e+01, 6.60194168e+01, 9.70873795e+01,
          1.00970871e+02, 1.04854370e+02, 1.32038834e+02, 1.35922333e+02,
          1.39805817e+02, 9.32038803e+01, 1.12621361e+02, 1.43689316e+02,
          1.43689316e+02, 1.24271843e+02, 1.35922333e+02, 6.21359215e+01,
          9.70873795e+01, 1.28155334e+02, 1.00970871e+02, 9.70873795e+01,
          1.35922333e+02, 6.60194168e+01, 1.00970871e+02, 7.76698990e+01,
          1.12621361e+02, 1.32038834e+02, 7.76698990e+01, 9.32038803e+01,
          5.82524261e+01, 6.99029083e+01, 5.43689308e+01, 6.60194168e+01,
          3.49514542e+01, 4.27184448e+01, 5.04854355e+01, 5.04854355e+01,
          8.15533981e+01, 3.88349495e+01, 7.76698990e+01, 5.43689308e+01,
          4.27184448e+01, 3.49514542e+01, 3.49514542e+01, 4.66019402e+01,
          3.49514542e+01, 4.66019402e+01, 4.66019402e+01, 3.88349495e+01,
          1.94174747e+01, 6.21359215e+01, 2.33009701e+01, 5.82524261e+01,
          1.94174747e+01, 3.49514542e+01, 3.88349495e+01, 1.94174747e+01,
          3.88349495e+01, 3.88349495e+01, 3.49514542e+01, 5.82524261e+01,
          1.94174747e+01, 1.55339804e+01, 1.94174747e+01, 3.10679607e+01,
          1.55339804e+01, 5.82524261e+01, 1.94174747e+01, 3.10679607e+01,
          3.49514542e+01, 3.10679607e+01, 1.94174747e+01, 0.,
          2.33009701e+01, 2.71844654e+01, 1.55339804e+01, 3.88349495e+01,
          1.94174747e+01, 1.16504850e+01, 3.10679607e+01, 7.76699018e+00,
          1.94174747e+01, 3.49514542e+01, 1.55339804e+01, 1.16504850e+01,
          1.16504850e+01, 2.71844654e+01, 1.94174747e+01, 1.16504850e+01,
          1.94174747e+01, 1.94174747e+01, 1.16504850e+01, 1.16504850e+01,
          1.16504850e+01, 1.16504850e+01, 1.55339804e+01, 7.76699018e+00,
          1.55339804e+01, 3.88349509e+00, 0., 7.76699018e+00,
          3.88349509e+00, 1.16504850e+01, 0., 1.16504850e+01,
          3.88349509e+00, 3.88349509e+00, 3.88349509e+00, 7.76699018e+00,
          0., 0., 0., 3.88349509e+00, 3.88349509e+00, 3.88349509e+00,
          3.88349509e+00, 3.88349509e+00, 0., 3.88349509e+00,
          7.76699018e+00, 1.16504850e+01, 0., 0., 0., 3.88349509e+00, 0.,
          7.76699018e+00, 0., 0., 0., 0., 3.88349509e+00, 3.88349509e+00,
          0., 0., 3.88349509e+00, 3.88349509e+00, 0., 7.76699018e+00, 0.,
          0., 0., 0., 0., 0., 0., 0., 0., 0., 0., 3.88349509e+00, 0.,
          3.88349509e+00, 0., 0., 1.55339804e+01 ]
   - !!opencv-matrix
      rows: 256
      cols: 1
      dt: f
      data: [ 0., 0., 0., 0., 0., 0., 0., 0., 0., 0., 0., 3.88349509e+00,
          0., 0., 3.88349509e+00, 7.76699018e+00, 1.55339804e+01,
          4.27184448e+01, 1.20388351e+02, 2.25242722e+02, 1.74757278e+02,
          2.64077667e+02, 7.76698990e+01, 400., 3.92233002e+02,
          1.82524277e+02, 2.13592224e+02, 1.20388351e+02, 1.04854370e+02,
          4.66019402e+01, 5.04854355e+01, 8.15533981e+01, 8.54368896e+01,
          8.54368896e+01, 4.27184448e+01, 3.10679607e+01, 6.99029083e+01,
          3.88349495e+01, 4.27184448e+01, 3.88349495e+01, 5.04854355e+01,
          3.49514542e+01, 2.33009701e+01, 2.71844654e+01, 3.10679607e+01,
          2.33009701e+01, 3.10679607e+01, 2.71844654e+01, 3.49514542e+01,
          3.88349495e+01, 2.33009701e+01, 2.33009701e+01, 5.43689308e+01,
          1.16504850e+01, 3.49514542e+01, 3.49514542e+01, 3.49514542e+01,
          4.66019402e+01, 4.27184448e+01, 3.49514542e+01, 1.55339804e+01,
          3.49514542e+01, 8.54368896e+01, 5.82524261e+01, 5.04854355e+01,
          5.04854355e+01, 3.49514542e+01, 2.33009701e+01, 3.10679607e+01,
          4.27184448e+01, 1.94174747e+01, 1.16504850e+01, 4.27184448e+01,
          2.71844654e+01, 5.04854355e+01, 4.27184448e+01, 5.43689308e+01,
          5.04854355e+01, 8.54368896e+01, 1.08737862e+02, 1.00970871e+02,
          4.66019402e+01, 6.99029083e+01, 1.08737862e+02, 2.05825241e+02,
          1.43689316e+02, 1.55339798e+02, 1.63106796e+02, 1.47572815e+02,
          1.51456314e+02, 7.76698990e+01, 1.39805817e+02, 1.24271843e+02,
          1.59223297e+02, 1.28155334e+02, 1.82524277e+02, 1.66990295e+02,
          1.82524277e+02, 8.54368896e+01, 1.08737862e+02, 1.08737862e+02,
          6.60194168e+01, 9.32038803e+01, 1.32038834e+02, 1.28155334e+02,
          9.32038803e+01, 4.66019402e+01, 8.54368896e+01, 1.20388351e+02,
          8.15533981e+01, 4.66019402e+01, 5.04854355e+01, 4.66019402e+01,
          5.43689308e+01, 6.99029083e+01, 3.88349495e+01, 8.15533981e+01,
          6.60194168e+01, 8.15533981e+01, 3.10679607e+01, 6.60194168e+01,
          5.82524261e+01, 1.16504852e+02, 6.99029083e+01, 3.49514542e+01,
          4.27184448e+01, 3.49514542e+01, 4.66019402e+01, 3.88349495e+01,
          1.94174747e+01, 4.66019402e+01, 2.71844654e+01, 4.66019402e+01,
          5.82524261e+01, 3.49514542e+01, 2.71844654e+01, 3.49514542e+01,
          6.99029083e+01, 3.49514542e+01, 2.71844654e+01, 3.10679607e+01,
          1.16504850e+01, 3.10679607e+01, 7.76699018e+00, 1.55339804e+01,
          3.10679607e+01, 1.16504850e+01, 7.76699018e+00, 2.33009701e+01,
          2.33009701e+01, 1.16504850e+01, 1.94174747e+01, 2.33009701e+01,
          3.10679607e+01, 2.71844654e+01, 2.71844654e+01, 1.16504850e+01,
          3.49514542e+01, 1.55339804e+01, 1.55339804e+01, 2.33009701e+01,
          1.94174747e+01, 1.55339804e+01, 3.88349509e+00, 7.76699018e+00,
          7.76699018e+00, 7.76699018e+00, 7.76699018e+00, 1.55339804e+01,
          1.94174747e+01, 3.88349509e+00, 1.16504850e+01, 3.88349509e+00,
          1.16504850e+01, 1.16504850e+01, 0., 1.16504850e+01,
          3.88349509e+00, 3.88349509e+00, 7.76699018e+00, 7.76699018e+00,
          3.88349509e+00, 1.16504850e+01, 7.76699018e+00, 7.76699018e+00,
          0., 0., 3.88349509e+00, 7.76699018e+00, 1.16504850e+01,
          3.88349509e+00, 3.88349509e+00, 0., 1.55339804e+01,
          3.88349509e+00, 0., 3.88349509e+00, 7.76699018e+00,
          3.88349509e+00, 7.76699018e+00, 0., 0., 0., 3.88349509e+00, 0.,
          7.76699018e+00, 7.76699018e+00, 3.88349509e+00, 0.,
          7.76699018e+00, 0., 0., 3.88349509e+00, 0., 3.88349509e+00, 0.,
          0., 3.88349509e+00, 1.16504850e+01, 0., 0., 0., 3.88349509e+00,
          0., 0., 0., 0., 0., 3.88349509e+00, 3.88349509e+00, 0., 0., 0.,
          0., 0., 0., 0., 0., 0., 3.88349509e+00, 3.88349509e+00, 0., 0.,
          0., 0., 0., 0., 0., 0., 0., 0., 0., 0., 0., 0., 0. ]
   - !!opencv-matrix
      rows: 256
      cols: 1
      dt: f
      data: [ 2.80701752e+01, 3.50877190e+00, 3.50877190e+00,
          7.01754379e+00, 1.75438595e+01, 1.75438595e+01, 2.80701752e+01,
          3.15789471e+01, 1.75438595e+01, 8.42105255e+01, 1.22807014e+02,
          2.07017548e+02, 1.75438599e+02, 2.66666656e+02, 1.40350876e+02,
          400., 3.22807007e+02, 1.43859650e+02, 1.61403503e+02,
          7.01754379e+01, 1.29824554e+02, 9.82456131e+01, 7.01754379e+01,
          6.66666641e+01, 4.21052628e+01, 3.50877190e+01, 3.85964890e+01,
          3.50877190e+01, 1.75438595e+01, 3.15789471e+01, 4.91228065e+01,
          2.10526314e+01, 4.56140366e+01, 2.80701752e+01, 4.91228065e+01,
          4.56140366e+01, 3.50877190e+01, 7.01754379e+01, 5.61403503e+01,
          4.91228065e+01, 4.56140366e+01, 6.66666641e+01, 1.75438595e+01,
          4.21052628e+01, 4.91228065e+01, 4.21052628e+01, 2.10526314e+01,
          3.50877190e+01, 5.26315765e+01, 5.61403503e+01, 3.85964890e+01,
          5.96491241e+01, 7.01754379e+01, 6.66666641e+01, 9.82456131e+01,
          1.15789474e+02, 1.22807014e+02, 1.29824554e+02, 1.43859650e+02,
          1.78947372e+02, 1.54385956e+02, 1.40350876e+02, 1.78947372e+02,
          1.64912277e+02, 1.15789474e+02, 1.82456146e+02, 1.15789474e+02,
          1.61403503e+02, 1.43859650e+02, 1.01754387e+02, 1.40350876e+02,
          1.33333328e+02, 1.43859650e+02, 7.36842117e+01, 9.47368393e+01,
          8.77192993e+01, 4.56140366e+01, 9.12280731e+01, 8.42105255e+01,
          4.21052628e+01, 8.77192993e+01, 8.77192993e+01, 5.96491241e+01,
          8.42105255e+01, 1.15789474e+02, 7.71929779e+01, 4.91228065e+01,
          4.56140366e+01, 7.01754379e+01, 8.77192993e+01, 7.01754379e+01,
          6.66666641e+01, 5.26315765e+01, 5.26315765e+01, 5.61403503e+01,
          3.85964890e+01, 4.56140366e+01, 4.56140366e+01, 6.31578941e+01,
          3.50877190e+01, 3.15789471e+01, 3.15789471e+01, 4.21052628e+01,
          3.50877190e+01, 4.21052628e+01, 1.40350876e+01, 1.40350876e+01,
          3.15789471e+01, 1.40350876e+01, 1.40350876e+01, 2.45614033e+01,
          4.56140366e+01, 1.75438595e+01, 3.15789471e+01, 3.15789471e+01,
          3.50877190e+01, 1.40350876e+01, 2.10526314e+01, 1.75438595e+01,
          2.10526314e+01, 2.10526314e+01, 2.80701752e+01, 3.15789471e+01,
          1.40350876e+01, 2.10526314e+01, 2.45614033e+01, 1.40350876e+01,
          7.01754379e+00, 1.05263157e+01, 7.01754379e+00, 3.50877190e+00,
          2.10526314e+01, 1.40350876e+01, 1.05263157e+01, 1.40350876e+01,
          1.40350876e+01, 1.05263157e+01, 7.01754379e+00, 1.40350876e+01,
          7.01754379e+00, 1.75438595e+01, 3.50877190e+00, 0.,
          3.50877190e+00, 1.05263157e+01, 3.50877190e+00, 7.01754379e+00,
          0., 3.50877190e+00, 1.05263157e+01, 1.05263157e+01,
          3.50877190e+00, 1.05263157e+01, 0., 3.50877190e+00, 0.,
          1.05263157e+01, 7.01754379e+00, 0., 7.01754379e+00,
          3.50877190e+00, 3.50877190e+00, 7.01754379e+00, 2.10526314e+01,
          3.50877190e+00, 7.01754379e+00, 7.01754379e+00, 0.,
          3.50877190e+00, 1.40350876e+01, 3.50877190e+00, 3.50877190e+00,
          0., 7.01754379e+00, 0., 0., 0., 3.50877190e+00, 0., 0., 0.,
          3.50877190e+00, 0., 0., 0., 0., 0., 0., 0., 0., 0., 0., 0., 0.,
          0., 0., 0., 0., 0., 3.50877190e+00, 0., 3.50877190e+00,
          3.50877190e+00, 0., 0., 0., 0., 0., 0., 0., 0., 0., 0., 0., 0.,
          0., 0., 0., 0., 0., 0., 0., 0., 0., 0., 0., 0., 0., 0., 0., 0.,
          0., 0., 0., 0., 0., 0., 0., 0., 0., 0., 0., 0., 0., 0., 0., 0.,
          0., 0., 0., 0., 0., 0., 0., 0., 0. ]
